jdb	vrad	svrad	fwhm	contrast	bis_span	noise	s_mw	sig_s	rhk	sig_rhk	sn_CaII	sn10	sn50	sn60
---	----	-----	----	--------	--------	-----	----	-----	---	-------	-------	----	----	----
56070.524109	-0.32578	0.00060	7.04117	53.386	-0.03327	0.00046	0.147942	0.000655	-5.0871	0.0047	43.40	66.10	168.20	179.60
56070.529293	-0.32580	0.00061	7.03845	53.396	-0.03309	0.00048	0.145774	0.000710	-5.1028	0.0052	40.50	62.30	161.20	173.80
56070.531064	-0.32488	0.00061	7.03901	53.403	-0.03409	0.00048	0.146218	0.000715	-5.0996	0.0052	40.50	61.60	163.10	177.90
56070.532985	-0.32329	0.00063	7.03855	53.420	-0.03333	0.00050	0.146684	0.000731	-5.0962	0.0053	39.80	59.90	155.30	170.30
56070.534779	-0.32636	0.00074	7.04029	53.485	-0.03407	0.00064	0.142268	0.001206	-5.1294	0.0094	27.40	43.50	126.20	149.20
56070.536562	-0.32538	0.00076	7.04225	53.506	-0.03082	0.00066	0.142760	0.001285	-5.1256	0.0100	26.30	40.80	122.30	148.10
56070.540774	-0.32607	0.00064	7.03664	53.416	-0.03220	0.00051	0.145523	0.000847	-5.1047	0.0063	35.50	56.30	155.10	168.40
56070.542591	-0.32204	0.00067	7.03956	53.430	-0.03316	0.00056	0.143424	0.001092	-5.1205	0.0084	29.30	48.50	148.00	167.90
56070.544374	-0.32632	0.00072	7.03792	53.467	-0.03231	0.00061	0.139852	0.001393	-5.1488	0.0114	24.50	42.70	134.90	154.10
56070.546179	-0.32828	0.00085	7.03730	53.539	-0.03412	0.00076	0.134799	0.002107	-5.1922	0.0191	18.30	34.40	106.90	125.30
56070.548089	-0.32554	0.00119	7.03555	53.258	-0.02775	0.00112	0.111200	0.004570	-5.4859	0.0813	10.40	23.60	73.10	80.90
56070.549999	-0.32699	0.00094	7.04101	53.559	-0.02766	0.00086	0.132173	0.002164	-5.2166	0.0207	18.10	31.60	94.40	104.60
56070.551827	-0.32432	0.00068	7.03930	53.446	-0.03463	0.00056	0.144398	0.001044	-5.1131	0.0079	30.50	48.10	144.30	165.80
56070.553772	-0.32223	0.00067	7.03735	53.445	-0.03174	0.00055	0.144090	0.000889	-5.1154	0.0067	34.30	51.20	145.10	165.30
56070.555542	-0.32440	0.00070	7.03808	53.440	-0.03190	0.00058	0.148511	0.000800	-5.0831	0.0056	37.40	54.00	127.90	138.40
56070.557452	-0.32402	0.00081	7.03443	53.476	-0.03139	0.00071	0.146537	0.000817	-5.0972	0.0059	36.80	50.40	91.80	95.40
56070.564697	-0.32330	0.00070	7.03721	53.485	-0.03457	0.00058	0.140633	0.001266	-5.1424	0.0102	26.40	43.50	143.10	169.70
56070.566618	-0.32145	0.00067	7.03773	53.457	-0.03071	0.00055	0.143009	0.001235	-5.1237	0.0095	26.90	45.40	152.80	178.80
56070.568389	-0.32199	0.00066	7.03841	53.433	-0.03249	0.00054	0.148008	0.000871	-5.0867	0.0062	35.00	54.00	148.90	163.20
56070.578805	-0.32181	0.00068	7.03738	53.466	-0.03056	0.00056	0.138533	0.001429	-5.1597	0.0120	24.10	42.60	153.70	180.10
56071.443906	-0.32992	0.00105	7.03693	53.419	-0.03370	0.00096	0.145345	0.002193	-5.1060	0.0163	20.30	30.50	83.60	101.60
56071.445769	-0.33310	0.00104	7.03656	53.427	-0.03235	0.00095	0.142926	0.002362	-5.1243	0.0183	19.10	30.70	84.10	102.40
56071.447528	-0.33567	0.00203	7.04980	53.307	-0.03620	0.00198	0.127614	0.007538	-5.2626	0.0802	8.30	16.40	42.90	47.20
56071.464669	-0.33269	0.00081	7.03856	53.407	-0.03315	0.00068	0.149731	0.001245	-5.0746	0.0086	29.90	44.00	114.40	134.30
56071.466439	-0.33199	0.00079	7.03498	53.408	-0.03261	0.00066	0.148835	0.001221	-5.0808	0.0085	30.20	44.90	118.70	136.80
56071.507306	-0.32342	0.00078	7.03809	53.460	-0.03199	0.00069	0.141589	0.001373	-5.1348	0.0109	27.30	43.90	113.20	121.10
56071.509076	-0.32683	0.00078	7.03939	53.458	-0.03344	0.00068	0.141161	0.001398	-5.1382	0.0112	27.00	43.60	114.60	123.90
56071.510824	-0.32634	0.00082	7.04010	53.470	-0.03126	0.00073	0.142426	0.001541	-5.1282	0.0120	25.30	40.80	108.60	118.90
56071.512548	-0.32435	0.00078	7.03770	53.456	-0.03195	0.00068	0.142003	0.001373	-5.1315	0.0108	27.30	44.00	114.80	125.30
56071.514284	-0.32590	0.00079	7.03796	53.464	-0.03376	0.00069	0.142120	0.001383	-5.1306	0.0109	27.30	43.00	112.60	125.30
56071.516032	-0.32561	0.00073	7.03491	53.437	-0.03179	0.00062	0.144030	0.001198	-5.1158	0.0091	30.10	48.50	124.50	134.20
56071.517757	-0.32684	0.00070	7.04028	53.433	-0.03144	0.00059	0.142924	0.001130	-5.1243	0.0087	31.30	50.10	131.00	142.40
56071.519504	-0.32672	0.00075	7.03653	53.446	-0.03385	0.00065	0.143690	0.001292	-5.1184	0.0099	28.60	45.90	119.80	130.20
56071.521229	-0.32399	0.00078	7.03785	53.451	-0.02939	0.00069	0.144864	0.001329	-5.1096	0.0099	28.10	44.80	111.30	118.90
56071.522965	-0.32575	0.00075	7.03852	53.462	-0.03398	0.00065	0.145167	0.001216	-5.1073	0.0090	29.90	47.00	118.30	129.00
56071.529747	-0.32750	0.00080	7.04023	53.487	-0.03160	0.00071	0.144880	0.001418	-5.1094	0.0106	27.00	41.80	111.30	127.50
56071.531471	-0.32775	0.00073	7.03749	53.472	-0.03227	0.00062	0.143688	0.001213	-5.1184	0.0093	29.90	47.00	127.10	142.60
56071.533207	-0.32620	0.00078	7.03981	53.474	-0.02961	0.00069	0.141546	0.001321	-5.1351	0.0105	28.20	43.10	113.50	130.60
56071.534943	-0.32749	0.00072	7.03767	53.450	-0.03361	0.00061	0.146152	0.001286	-5.1000	0.0094	28.70	46.60	130.20	145.10
56071.536679	-0.32515	0.00076	7.03906	53.456	-0.03357	0.00065	0.142748	0.001401	-5.1257	0.0109	27.10	43.70	121.70	137.80
56071.538415	-0.32485	0.00076	7.03756	53.475	-0.03028	0.00066	0.143832	0.001409	-5.1174	0.0107	27.00	43.50	121.40	137.30
56071.540151	-0.32705	0.00074	7.03661	53.461	-0.03206	0.00063	0.143346	0.001393	-5.1211	0.0107	27.10	44.70	126.20	142.00
56071.541887	-0.32590	0.00076	7.03752	53.469	-0.02981	0.00066	0.141384	0.001450	-5.1364	0.0115	26.40	42.80	120.90	138.00
56071.543635	-0.32478	0.00070	7.03686	53.441	-0.03213	0.00059	0.144129	0.001194	-5.1151	0.0090	30.20	48.90	134.00	149.30
56071.545371	-0.32630	0.00072	7.03648	53.456	-0.03272	0.00062	0.142131	0.001388	-5.1305	0.0109	27.10	45.40	130.50	144.80
56072.497342	-0.32441	0.00070	7.03407	53.464	-0.03416	0.00058	0.146464	0.000954	-5.0978	0.0069	35.70	49.70	129.80	163.30
56072.499101	-0.32440	0.00069	7.03638	53.457	-0.03673	0.00058	0.146645	0.000943	-5.0964	0.0068	36.00	50.00	130.00	163.40
56073.418168	-0.32779	0.00071	7.03526	53.449	-0.02973	0.00060	0.143671	0.001250	-5.1186	0.0095	29.40	46.30	129.40	151.40
56073.431767	-0.32763	0.00069	7.03862	53.422	-0.03427	0.00058	0.146098	0.001124	-5.1004	0.0082	31.70	48.40	134.40	159.60
56073.433515	-0.32511	0.00070	7.03575	53.429	-0.03500	0.00058	0.146408	0.001099	-5.0982	0.0080	32.20	49.00	132.30	155.10
56073.435251	-0.32827	0.00069	7.03632	53.398	-0.03139	0.00057	0.145732	0.001072	-5.1031	0.0079	32.70	50.00	135.30	158.50
56073.436987	-0.32690	0.00074	7.03445	53.439	-0.03177	0.00063	0.144009	0.001202	-5.1160	0.0091	30.20	46.50	119.70	136.20
56073.438723	-0.32657	0.00072	7.03716	53.420	-0.03590	0.00061	0.145466	0.001136	-5.1051	0.0084	31.50	48.30	124.80	142.00
56073.440459	-0.32671	0.00068	7.03538	53.412	-0.03169	0.00056	0.144978	0.001014	-5.1087	0.0076	34.00	52.00	137.40	157.20
56073.442195	-0.32730	0.00065	7.03461	53.408	-0.03006	0.00053	0.146922	0.000936	-5.0944	0.0068	36.10	54.60	146.90	170.40
56073.443931	-0.32522	0.00063	7.03650	53.407	-0.03224	0.00050	0.146069	0.000885	-5.1007	0.0065	37.50	56.40	155.20	181.00
56073.445667	-0.32690	0.00062	7.03688	53.385	-0.03400	0.00048	0.146645	0.000831	-5.0964	0.0060	39.20	58.90	161.00	186.10
56073.447403	-0.32728	0.00061	7.03290	53.408	-0.03270	0.00048	0.146750	0.000801	-5.0957	0.0058	40.20	59.90	161.90	187.10
56073.451257	-0.32632	0.00061	7.03593	53.383	-0.03164	0.00048	0.146808	0.000785	-5.0953	0.0057	40.90	60.80	161.80	184.80
56073.453016	-0.32934	0.00061	7.03666	53.393	-0.03165	0.00047	0.147209	0.000779	-5.0924	0.0056	41.10	60.70	163.60	186.90
56073.454752	-0.32626	0.00059	7.03753	53.370	-0.03224	0.00045	0.146772	0.000708	-5.0955	0.0051	43.90	65.00	171.50	193.70
56073.456488	-0.32829	0.00060	7.03565	53.373	-0.03251	0.00047	0.147625	0.000754	-5.0894	0.0054	42.10	62.80	163.20	183.20
56073.458224	-0.32819	0.00060	7.03680	53.371	-0.03383	0.00046	0.146960	0.000729	-5.0942	0.0053	43.10	64.10	168.20	188.30
56073.459960	-0.32612	0.00058	7.03648	53.368	-0.03331	0.00044	0.148583	0.000681	-5.0826	0.0048	45.40	66.90	175.10	195.00
56073.461696	-0.32922	0.00057	7.03498	53.362	-0.03237	0.00043	0.148488	0.000652	-5.0833	0.0046	46.80	69.30	180.00	198.90
56073.463432	-0.32727	0.00059	7.03674	53.368	-0.03065	0.00045	0.147561	0.000710	-5.0899	0.0051	44.00	65.50	168.10	185.80
56073.465168	-0.32599	0.00058	7.03569	53.373	-0.03433	0.00044	0.147087	0.000676	-5.0933	0.0049	45.60	66.90	174.00	193.50
56073.466904	-0.32816	0.00059	7.03528	53.371	-0.03199	0.00045	0.148086	0.000685	-5.0861	0.0048	45.20	66.60	171.20	190.40
56073.486255	-0.32574	0.00060	7.03399	53.386	-0.03226	0.00046	0.146832	0.000729	-5.0951	0.0053	43.10	62.90	165.60	188.20
56073.488026	-0.32661	0.00060	7.03801	53.367	-0.03059	0.00046	0.147426	0.000714	-5.0908	0.0051	43.80	64.60	166.10	185.60
56073.489762	-0.32713	0.00059	7.03434	53.390	-0.03413	0.00045	0.147188	0.000701	-5.0925	0.0050	44.30	64.90	168.70	189.20
56073.491498	-0.32556	0.00059	7.03480	53.379	-0.03243	0.00044	0.148152	0.000689	-5.0857	0.0049	45.00	65.80	172.80	193.90
56073.493234	-0.32612	0.00058	7.03748	53.369	-0.03314	0.00044	0.147118	0.000666	-5.0930	0.0048	46.20	66.40	176.80	200.30
56073.494970	-0.32717	0.00058	7.03816	53.371	-0.03341	0.00044	0.149391	0.000668	-5.0770	0.0046	46.20	66.70	176.40	198.90
56073.496706	-0.32566	0.00058	7.03670	53.377	-0.03385	0.00043	0.147980	0.000658	-5.0869	0.0047	46.60	66.70	179.70	203.60
56073.498442	-0.32749	0.00059	7.03585	53.372	-0.03455	0.00044	0.148467	0.000680	-5.0834	0.0048	45.60	64.90	175.40	200.10
56073.500178	-0.32742	0.00060	7.03587	53.378	-0.03302	0.00046	0.148688	0.000713	-5.0819	0.0050	44.00	63.60	167.70	190.40
56073.501914	-0.32715	0.00060	7.03845	53.377	-0.03441	0.00046	0.147815	0.000718	-5.0880	0.0051	43.90	62.00	167.40	194.00
56073.505294	-0.32657	0.00061	7.03658	53.403	-0.03281	0.00047	0.146073	0.000736	-5.1006	0.0054	42.80	61.00	164.70	190.90
56073.507076	-0.32703	0.00063	7.03738	53.403	-0.03129	0.00050	0.148096	0.000812	-5.0861	0.0057	40.00	58.30	153.80	177.50
56073.508800	-0.32730	0.00062	7.03504	53.406	-0.03259	0.00049	0.146993	0.000809	-5.0939	0.0058	40.10	57.50	157.60	185.30
56073.510536	-0.32503	0.00063	7.03496	53.412	-0.03240	0.00050	0.149600	0.000825	-5.0755	0.0057	39.70	56.80	156.40	184.80
56073.512272	-0.32763	0.00063	7.03484	53.406	-0.03084	0.00050	0.146619	0.000833	-5.0966	0.0060	39.20	56.50	154.80	182.40
56073.514009	-0.32437	0.00063	7.03524	53.433	-0.03106	0.00050	0.148002	0.000842	-5.0867	0.0060	39.10	55.80	158.00	188.30
56073.515745	-0.32612	0.00064	7.03616	53.413	-0.03159	0.00051	0.147100	0.000881	-5.0932	0.0063	37.70	54.00	152.50	182.90
56073.517481	-0.32480	0.00065	7.03465	53.444	-0.02994	0.00053	0.147115	0.000928	-5.0931	0.0067	36.40	52.00	149.40	180.50
56073.519217	-0.32352	0.00065	7.03839	53.423	-0.03243	0.00052	0.147244	0.000938	-5.0921	0.0067	36.20	51.70	150.80	184.30
56073.520953	-0.32461	0.00065	7.03605	53.435	-0.03268	0.00053	0.146969	0.000954	-5.0941	0.0069	35.70	51.50	147.70	178.90
56087.482383	-0.33127	0.00047	7.03081	53.149	-0.03129	0.00020	0.149376	0.000248	-5.0771	0.0017	102.00	164.90	326.90	294.00
56100.482742	-0.32613	0.00058	7.04087	53.223	-0.03391	0.00043	0.149977	0.000567	-5.0729	0.0039	52.60	76.40	157.50	168.50
56100.484490	-0.32765	0.00059	7.03941	53.236	-0.03098	0.00044	0.151870	0.000585	-5.0601	0.0039	51.60	74.90	154.40	165.60
56100.486226	-0.32645	0.00059	7.04054	53.233	-0.03299	0.00043	0.150886	0.000573	-5.0667	0.0039	52.40	76.00	156.50	167.70
56100.487962	-0.32556	0.00059	7.04012	53.232	-0.03174	0.00043	0.150262	0.000569	-5.0710	0.0039	52.50	75.70	157.80	169.60
56100.489698	-0.32735	0.00059	7.04072	53.233	-0.03255	0.00044	0.150886	0.000588	-5.0667	0.0040	51.40	74.20	154.10	166.80
56101.393233	-0.32681	0.00066	7.03682	53.228	-0.03116	0.00052	0.147885	0.000789	-5.0875	0.0056	41.10	65.00	125.00	119.70
56101.402122	-0.32760	0.00047	7.03616	53.145	-0.03099	0.00025	0.149306	0.000301	-5.0776	0.0021	87.00	135.20	260.80	252.30
56102.392573	-0.32923	0.00051	7.03571	53.192	-0.03003	0.00032	0.149260	0.000413	-5.0779	0.0029	67.20	103.50	206.20	207.10
56103.418879	-0.32949	0.00049	7.03742	53.160	-0.03174	0.00030	0.148743	0.000382	-5.0815	0.0027	71.40	111.80	219.00	214.60
56114.387163	-0.33379	0.00071	7.04146	53.247	-0.03188	0.00058	0.148650	0.000889	-5.0821	0.0062	38.30	55.10	122.70	136.20
56114.478211	-0.32450	0.00054	7.04403	53.200	-0.03307	0.00037	0.151159	0.000471	-5.0649	0.0032	61.70	79.20	197.40	256.70
56114.482053	-0.32534	0.00055	7.04275	53.209	-0.03130	0.00039	0.149963	0.000510	-5.0730	0.0035	58.00	75.10	185.70	241.20
56114.485930	-0.32429	0.00054	7.04269	53.201	-0.03388	0.00037	0.151010	0.000483	-5.0659	0.0033	60.50	78.30	194.10	251.10
56115.418143	-0.33220	0.00047	7.04079	53.154	-0.03304	0.00026	0.150191	0.000303	-5.0715	0.0021	87.80	126.40	267.70	287.40
56115.422009	-0.33203	0.00048	7.04010	53.155	-0.03240	0.00027	0.150177	0.000318	-5.0716	0.0022	84.30	122.40	258.10	274.50
56115.425886	-0.33239	0.00048	7.04157	53.148	-0.03231	0.00027	0.149252	0.000316	-5.0779	0.0022	84.60	124.10	260.40	273.80
56116.430791	-0.33004	0.00051	7.04333	53.194	-0.03218	0.00032	0.151326	0.000379	-5.0638	0.0025	73.70	95.00	228.90	285.30
56116.437677	-0.32956	0.00052	7.04326	53.199	-0.03261	0.00035	0.151135	0.000428	-5.0650	0.0029	66.70	85.70	208.40	266.20
56116.441508	-0.33049	0.00051	7.04398	53.193	-0.03170	0.00033	0.151250	0.000398	-5.0643	0.0027	70.80	91.90	220.20	274.70
56117.369253	-0.32952	0.00052	7.04129	53.163	-0.03287	0.00034	0.150650	0.000422	-5.0683	0.0029	67.40	88.10	214.30	270.40
56117.373119	-0.32908	0.00051	7.04232	53.170	-0.03061	0.00032	0.150663	0.000396	-5.0682	0.0027	70.90	94.90	223.70	272.60
56117.376938	-0.33077	0.00052	7.04461	53.183	-0.03011	0.00034	0.150567	0.000419	-5.0689	0.0029	67.70	91.50	214.20	259.80
56125.407342	-0.33149	0.00057	7.04733	53.137	-0.03378	0.00042	0.149256	0.000589	-5.0779	0.0041	51.80	78.20	166.30	181.30
56125.412341	-0.33150	0.00061	7.04758	53.149	-0.03200	0.00047	0.147609	0.000694	-5.0895	0.0050	45.80	69.70	148.30	162.30
56126.551719	-0.32895	0.00052	7.04948	53.133	-0.03271	0.00035	0.148803	0.000530	-5.0811	0.0037	56.20	83.00	213.60	255.90
56127.457222	-0.32819	0.00044	7.04654	53.019	-0.03266	0.00019	0.151338	0.000213	-5.0637	0.0014	121.20	164.00	376.80	448.60
56128.493978	-0.33189	0.00046	7.04877	53.069	-0.03240	0.00025	0.150282	0.000298	-5.0708	0.0020	90.10	125.70	288.60	340.50
56147.392489	-0.33079	0.00054	7.05277	53.131	-0.03459	0.00036	0.148927	0.000464	-5.0802	0.0032	63.00	92.60	199.70	219.90
56148.380888	-0.33103	0.00052	7.05082	53.111	-0.03265	0.00034	0.147408	0.000441	-5.0910	0.0032	65.00	102.90	201.50	201.70
56148.384730	-0.33012	0.00054	7.05303	53.118	-0.03363	0.00038	0.147194	0.000513	-5.0925	0.0037	57.80	91.50	181.40	184.30
56148.388549	-0.33109	0.00059	7.05163	53.128	-0.03480	0.00044	0.146553	0.000629	-5.0971	0.0046	49.50	79.20	158.50	160.60
56150.381899	-0.32893	0.00092	7.05425	53.210	-0.03647	0.00084	0.147173	0.001670	-5.0926	0.0120	25.10	42.40	83.20	83.20
56150.385753	-0.32845	0.00089	7.05335	53.198	-0.03391	0.00080	0.146511	0.001558	-5.0974	0.0113	26.20	44.50	85.20	84.00
56150.389572	-0.32664	0.00091	7.05666	53.199	-0.03452	0.00083	0.145571	0.001629	-5.1043	0.0120	25.50	43.20	83.80	83.00
56151.408759	-0.33127	0.00054	7.05589	53.104	-0.03334	0.00038	0.147430	0.000519	-5.0908	0.0037	57.60	88.40	191.50	206.90
56151.414314	-0.33179	0.00054	7.05788	53.096	-0.03448	0.00037	0.148374	0.000518	-5.0841	0.0036	57.80	89.00	193.50	207.60
56152.487086	-0.33153	0.00059	7.05935	53.139	-0.03329	0.00044	0.149301	0.000698	-5.0776	0.0048	46.50	69.30	173.60	207.50
56152.492688	-0.33057	0.00062	7.05950	53.140	-0.03352	0.00048	0.149292	0.000802	-5.0777	0.0056	42.20	63.20	161.20	194.70
56162.369352	-0.33286	0.00056	7.06020	53.097	-0.03317	0.00041	0.150448	0.000577	-5.0697	0.0039	53.80	81.90	177.60	193.90
56162.374375	-0.33245	0.00055	7.05768	53.100	-0.03342	0.00039	0.148911	0.000548	-5.0803	0.0038	55.80	84.90	183.70	199.40
56164.405403	-0.33275	0.00045	7.05800	53.001	-0.03109	0.00024	0.150603	0.000299	-5.0686	0.0020	91.60	131.60	308.40	367.80
56286.706983	-0.33089	0.00074	7.05984	53.170	-0.02604	0.00062	0.149352	0.001050	-5.0772	0.0073	27.90	53.80	131.60	134.80
56286.712562	-0.33041	0.00063	7.06299	53.144	-0.02696	0.00048	0.150237	0.000698	-5.0711	0.0048	37.60	71.20	168.70	169.40
56286.779719	-0.33008	0.00049	7.06502	53.118	-0.02605	0.00027	0.150236	0.000315	-5.0712	0.0022	70.90	128.00	288.20	283.20
56286.785309	-0.33047	0.00050	7.06592	53.110	-0.02478	0.00028	0.150114	0.000330	-5.0720	0.0023	68.20	124.00	276.90	270.40
56307.709926	-0.32883	0.00068	7.06433	53.153	-0.02737	0.00055	0.152937	0.000771	-5.0530	0.0051	35.90	58.50	152.10	173.20
56307.715540	-0.32994	0.00055	7.06399	53.112	-0.02877	0.00038	0.153746	0.000464	-5.0478	0.0030	53.10	86.50	220.40	246.30
56307.797941	-0.33268	0.00050	7.06534	53.095	-0.02549	0.00030	0.152108	0.000359	-5.0585	0.0024	64.90	109.90	270.80	295.40
56307.803566	-0.33183	0.00048	7.06906	53.089	-0.02675	0.00028	0.152133	0.000325	-5.0584	0.0022	70.60	118.70	293.20	320.20
56308.736609	-0.32928	0.00043	7.06966	53.059	-0.02571	0.00017	0.150650	0.000189	-5.0683	0.0013	112.70	212.50	445.00	400.40
56309.734262	-0.33021	0.00043	7.06907	53.050	-0.02732	0.00016	0.151737	0.000174	-5.0610	0.0012	122.40	214.20	488.30	484.50
56309.804625	-0.33164	0.00044	7.07015	53.085	-0.02705	0.00020	0.151676	0.000210	-5.0614	0.0014	103.20	181.60	401.30	387.60
56309.810354	-0.33148	0.00044	7.06975	53.078	-0.02685	0.00020	0.151666	0.000215	-5.0615	0.0014	100.80	177.70	394.60	381.40
56310.712168	-0.33393	0.00049	7.06831	53.099	-0.02678	0.00029	0.150502	0.000330	-5.0693	0.0023	68.90	127.20	261.30	243.10
56310.717862	-0.33134	0.00046	7.06851	53.095	-0.02834	0.00024	0.150922	0.000273	-5.0665	0.0018	81.30	150.00	316.70	291.50
56310.799777	-0.33207	0.00044	7.06972	53.083	-0.02732	0.00020	0.151043	0.000210	-5.0657	0.0014	102.70	189.40	393.00	348.60
56310.805483	-0.33206	0.00044	7.06934	53.086	-0.02610	0.00020	0.150471	0.000214	-5.0695	0.0015	100.40	185.80	384.00	339.70
56366.584199	-0.33361	0.00055	7.08094	53.001	-0.02833	0.00037	0.151394	0.000477	-5.0633	0.0032	52.70	91.10	222.00	207.20
56366.673923	-0.33061	0.00045	7.07980	53.020	-0.02734	0.00020	0.152761	0.000224	-5.0542	0.0015	100.00	172.10	411.30	379.40
56379.700609	-0.32864	0.00046	7.08156	53.013	-0.02692	0.00023	0.153372	0.000266	-5.0502	0.0017	87.40	134.90	362.90	393.20
56379.774336	-0.32834	0.00056	7.08532	52.992	-0.02677	0.00024	0.152279	0.000287	-5.0574	0.0019	81.30	134.00	352.60	353.90
56396.564047	-0.33082	0.00046	7.08227	53.021	-0.02871	0.00025	0.151619	0.000288	-5.0618	0.0019	81.40	135.40	331.30	309.10
56396.569557	-0.33047	0.00047	7.08305	53.034	-0.02922	0.00026	0.151835	0.000307	-5.0603	0.0020	77.20	128.10	316.30	298.20
56396.657577	-0.32940	0.00044	7.08047	53.013	-0.02814	0.00020	0.152991	0.000219	-5.0527	0.0014	104.20	166.70	415.00	400.80
56396.663086	-0.32952	0.00044	7.08109	53.012	-0.02821	0.00020	0.152382	0.000224	-5.0567	0.0015	102.00	163.80	405.90	388.40
56398.563633	-0.32761	0.00050	7.08320	53.048	-0.02705	0.00031	0.151146	0.000380	-5.0650	0.0026	64.50	111.00	255.70	229.80
56398.569142	-0.32931	0.00049	7.08370	53.037	-0.02830	0.00030	0.150524	0.000363	-5.0692	0.0025	66.90	115.50	266.10	237.30
56398.660449	-0.33026	0.00049	7.08283	53.038	-0.02843	0.00029	0.150999	0.000353	-5.0660	0.0024	68.60	116.30	280.50	258.00
56398.665947	-0.33100	0.00048	7.08433	53.023	-0.02799	0.00028	0.151374	0.000342	-5.0634	0.0023	70.50	119.10	289.80	267.60
56399.612266	-0.33056	0.00046	7.08575	53.002	-0.02780	0.00023	0.152156	0.000265	-5.0582	0.0018	87.80	148.30	357.40	329.90
56399.694997	-0.33007	0.00055	7.08466	53.057	-0.02836	0.00038	0.151275	0.000519	-5.0641	0.0035	50.50	84.70	216.20	209.40
56399.700610	-0.33079	0.00057	7.08328	53.066	-0.02757	0.00041	0.150230	0.000580	-5.0712	0.0040	46.40	78.10	200.70	196.10
56401.617066	-0.33290	0.00045	7.08350	53.006	-0.02770	0.00023	0.153194	0.000263	-5.0514	0.0017	89.20	141.30	362.20	368.40
56403.565311	-0.33017	0.00052	7.08372	53.031	-0.02808	0.00034	0.152442	0.000418	-5.0563	0.0028	60.30	96.30	242.30	238.80
56403.733063	-0.32975	0.00078	7.08351	53.086	-0.02698	0.00068	0.148802	0.001162	-5.0811	0.0081	28.20	46.50	126.60	132.30
56456.378347	-0.32862	0.00046	7.09102	52.933	-0.02552	0.00023	0.148374	0.000260	-5.0841	0.0018	84.20	142.70	328.60	281.40
56456.383856	-0.32918	0.00046	7.09057	52.940	-0.02625	0.00024	0.147670	0.000260	-5.0891	0.0019	83.80	142.10	326.60	280.40
56458.381442	-0.32762	0.00051	7.09114	52.957	-0.02640	0.00032	0.148621	0.000389	-5.0823	0.0027	60.30	97.00	250.30	245.00
56458.386951	-0.32931	0.00053	7.08972	52.963	-0.02633	0.00035	0.148340	0.000425	-5.0843	0.0030	56.00	91.40	233.70	226.00
56478.474297	-0.32959	0.00050	7.09327	52.958	-0.02570	0.00031	0.148107	0.000368	-5.0860	0.0026	63.40	104.10	260.70	240.30
56478.478082	-0.33001	0.00051	7.09175	52.968	-0.02648	0.00032	0.148191	0.000390	-5.0854	0.0028	60.50	99.00	251.90	235.60
56478.481866	-0.33139	0.00050	7.09108	52.965	-0.02654	0.00031	0.148010	0.000373	-5.0867	0.0026	62.70	100.80	262.70	251.00
56479.443776	-0.32875	0.00046	7.09300	52.926	-0.02675	0.00023	0.150360	0.000245	-5.0703	0.0017	90.20	142.20	350.70	328.50
56479.447549	-0.32936	0.00046	7.09252	52.928	-0.02712	0.00024	0.149688	0.000253	-5.0749	0.0017	87.90	137.50	343.00	325.10
56479.451334	-0.32816	0.00046	7.09209	52.930	-0.02742	0.00024	0.149608	0.000257	-5.0755	0.0018	86.60	135.10	339.30	323.30
56479.542011	-0.32846	0.00047	7.09299	52.930	-0.02567	0.00025	0.150216	0.000277	-5.0713	0.0019	81.30	124.10	330.20	327.30
56479.545761	-0.32706	0.00048	7.09235	52.933	-0.02690	0.00027	0.150323	0.000299	-5.0706	0.0020	76.40	114.00	313.90	320.50
56479.549546	-0.32740	0.00048	7.09184	52.934	-0.02741	0.00028	0.150747	0.000312	-5.0677	0.0021	73.90	108.00	305.90	319.80
56480.396532	-0.32830	0.00048	7.09017	52.944	-0.02752	0.00027	0.148128	0.000297	-5.0858	0.0021	75.70	126.40	285.10	236.40
56480.399148	-0.32841	0.00048	7.09264	52.934	-0.02679	0.00027	0.148462	0.000300	-5.0835	0.0021	75.10	125.50	283.10	235.60
56480.401763	-0.32922	0.00049	7.09239	52.940	-0.02598	0.00028	0.148089	0.000307	-5.0861	0.0022	73.50	122.70	277.70	232.90
56480.404390	-0.32768	0.00049	7.09338	52.937	-0.02714	0.00028	0.149032	0.000313	-5.0795	0.0022	72.60	122.40	273.00	223.60
56480.526964	-0.32904	0.00053	7.09234	52.957	-0.02634	0.00034	0.148302	0.000424	-5.0846	0.0030	56.30	96.90	228.70	191.90
56480.529568	-0.33034	0.00052	7.09159	52.958	-0.02747	0.00034	0.148747	0.000419	-5.0815	0.0029	57.10	96.40	235.00	205.50
56480.532195	-0.32925	0.00052	7.09301	52.945	-0.02718	0.00033	0.148387	0.000408	-5.0840	0.0029	58.10	97.20	241.20	215.50
56480.534776	-0.32885	0.00052	7.09200	52.949	-0.02630	0.00034	0.149000	0.000414	-5.0797	0.0029	57.80	94.40	241.20	224.00
56481.391403	-0.33199	0.00050	7.09105	52.945	-0.02742	0.00031	0.148439	0.000361	-5.0836	0.0025	64.30	107.30	255.80	228.30
56481.395153	-0.33013	0.00050	7.09085	52.950	-0.02694	0.00029	0.148989	0.000339	-5.0798	0.0024	68.00	113.00	269.40	240.10
56481.398903	-0.32976	0.00050	7.09140	52.942	-0.02721	0.00030	0.148855	0.000346	-5.0807	0.0024	66.70	111.00	263.50	234.50
56481.522472	-0.33178	0.00051	7.09228	52.942	-0.02547	0.00032	0.147556	0.000398	-5.0899	0.0028	59.40	98.90	257.10	247.60
56482.393403	-0.32942	0.00052	7.09120	52.961	-0.02610	0.00035	0.147198	0.000424	-5.0925	0.0030	56.30	95.10	228.00	203.80
56482.397165	-0.32877	0.00052	7.09370	52.951	-0.02746	0.00034	0.147781	0.000418	-5.0883	0.0030	57.00	96.00	230.20	206.90
56482.400926	-0.32960	0.00054	7.09314	52.956	-0.02703	0.00037	0.148625	0.000459	-5.0823	0.0032	53.00	89.50	216.80	196.60
56482.509103	-0.33184	0.00051	7.09275	52.951	-0.02771	0.00033	0.148196	0.000407	-5.0853	0.0029	58.40	97.40	245.40	225.70
56482.512783	-0.33205	0.00053	7.09446	52.950	-0.02705	0.00036	0.148838	0.000452	-5.0808	0.0032	53.70	90.00	228.40	211.80
56482.516591	-0.33280	0.00055	7.09248	52.957	-0.02860	0.00038	0.148027	0.000503	-5.0865	0.0036	49.40	82.70	213.40	201.60
56668.706927	-0.32758	0.00050	7.10879	52.809	-0.02606	0.00031	0.150103	0.000403	-5.0721	0.0028	58.70	108.00	256.20	231.60
56668.799756	-0.32295	0.00045	7.10872	52.786	-0.02605	0.00022	0.150631	0.000259	-5.0685	0.0018	85.70	155.10	345.90	307.90
56672.734233	-0.32674	0.00043	7.10951	52.734	-0.02600	0.00018	0.152894	0.000193	-5.0533	0.0013	113.30	188.40	474.90	463.00
56719.723233	-0.33026	0.00047	7.11106	52.786	-0.02369	0.00026	0.150497	0.000301	-5.0694	0.0021	72.50	121.70	309.50	304.20
56720.700580	-0.33101	0.00054	7.10977	52.827	-0.02446	0.00037	0.149005	0.000473	-5.0797	0.0033	49.50	90.70	208.90	180.70
56720.702906	-0.33045	0.00052	7.10856	52.824	-0.02275	0.00035	0.149325	0.000430	-5.0774	0.0030	53.50	97.50	223.60	192.60
56720.705279	-0.32950	0.00052	7.10806	52.817	-0.02357	0.00035	0.148367	0.000430	-5.0841	0.0030	53.40	97.60	223.60	190.70
56720.707652	-0.32926	0.00051	7.10823	52.814	-0.02458	0.00033	0.148602	0.000405	-5.0825	0.0028	56.00	102.00	233.40	198.80
56720.709955	-0.32956	0.00051	7.10892	52.818	-0.02264	0.00033	0.148759	0.000406	-5.0814	0.0028	56.00	102.40	234.30	198.40
56723.700684	-0.33053	0.00071	7.10909	52.860	-0.02389	0.00060	0.149730	0.000981	-5.0746	0.0068	28.90	52.60	135.30	131.10
56723.704689	-0.33014	0.00076	7.10969	52.847	-0.02520	0.00066	0.149165	0.001127	-5.0785	0.0078	26.00	47.90	124.10	120.70
56723.708196	-0.32908	0.00066	7.11189	52.837	-0.02416	0.00053	0.149026	0.000813	-5.0795	0.0057	32.90	59.60	152.50	147.60
56737.560975	-0.32818	0.00060	7.03152	53.409	-0.02828	0.00047	0.148923	0.000728	-5.0802	0.0051	35.90	66.50	162.80	156.00
56737.567121	-0.32860	0.00062	7.02760	53.427	-0.02528	0.00050	0.149861	0.000787	-5.0737	0.0054	34.00	63.20	154.80	149.00
56737.699195	-0.32731	0.00049	7.03033	53.393	-0.02662	0.00032	0.149685	0.000419	-5.0749	0.0029	55.20	98.10	237.70	229.80
56737.704669	-0.32765	0.00050	7.03033	53.409	-0.02457	0.00034	0.148622	0.000449	-5.0823	0.0031	52.10	92.80	226.10	219.80
56762.599251	-0.32980	0.00046	7.03298	53.354	-0.02558	0.00026	0.148974	0.000317	-5.0799	0.0022	70.20	125.10	284.20	246.40
56762.604644	-0.33013	0.00047	7.03329	53.358	-0.02529	0.00028	0.148704	0.000352	-5.0818	0.0025	64.00	115.10	261.10	226.90
56763.574854	-0.32713	0.00051	7.03333	53.369	-0.02661	0.00035	0.150156	0.000467	-5.0717	0.0032	51.40	89.40	221.70	208.60
56763.578500	-0.32736	0.00052	7.03368	53.380	-0.02534	0.00036	0.150064	0.000472	-5.0723	0.0032	50.90	88.40	215.10	199.10
56763.582666	-0.32873	0.00054	7.03131	53.388	-0.02645	0.00039	0.149547	0.000534	-5.0759	0.0037	46.20	81.80	195.20	176.40
56764.601323	-0.32431	0.00053	7.03291	53.383	-0.02613	0.00038	0.149822	0.000501	-5.0740	0.0034	48.70	84.30	202.40	188.30
56764.606948	-0.32428	0.00056	7.03269	53.401	-0.02553	0.00041	0.149417	0.000568	-5.0768	0.0039	44.10	77.10	185.90	172.80
56765.606843	-0.32877	0.00046	7.03467	53.359	-0.02626	0.00027	0.150616	0.000319	-5.0686	0.0022	70.30	120.50	285.10	257.80
56765.610512	-0.32904	0.00047	7.03262	53.352	-0.02707	0.00028	0.150553	0.000349	-5.0690	0.0024	65.20	112.40	267.80	242.90
56765.614274	-0.32844	0.00047	7.03383	53.360	-0.02460	0.00029	0.150614	0.000358	-5.0686	0.0024	63.80	110.90	261.80	234.80
56766.623982	-0.33296	0.00080	7.03472	53.405	-0.02970	0.00071	0.151594	0.001318	-5.0620	0.0088	24.10	43.60	112.40	109.80
56766.629225	-0.33020	0.00059	7.03432	53.378	-0.02422	0.00045	0.150053	0.000677	-5.0724	0.0046	38.70	68.00	173.10	168.80
56769.596401	-0.32813	0.00047	7.03292	53.364	-0.02720	0.00029	0.150857	0.000354	-5.0669	0.0024	64.50	113.50	256.70	222.50
56769.600046	-0.32799	0.00048	7.03616	53.349	-0.02710	0.00029	0.150861	0.000357	-5.0669	0.0024	64.00	113.20	255.30	219.20
56769.603854	-0.32768	0.00047	7.03450	53.354	-0.02669	0.00028	0.151625	0.000338	-5.0617	0.0023	67.00	118.80	263.70	223.30
56798.495557	-0.32641	0.00043	7.03661	53.324	-0.02606	0.00022	0.151985	0.000256	-5.0593	0.0017	86.60	139.30	353.30	344.10
56798.501008	-0.32636	0.00044	7.03562	53.332	-0.02527	0.00023	0.152014	0.000263	-5.0591	0.0017	84.70	133.80	348.50	348.90
56798.616478	-0.32686	0.00045	7.03558	53.337	-0.02716	0.00025	0.151074	0.000308	-5.0655	0.0021	73.50	121.30	310.00	297.00
56798.622068	-0.32615	0.00045	7.03572	53.331	-0.02598	0.00025	0.152014	0.000301	-5.0592	0.0020	75.20	123.20	322.40	313.50
56800.485587	-0.32676	0.00044	7.03558	53.332	-0.02658	0.00025	0.151232	0.000306	-5.0644	0.0021	73.60	127.90	304.00	271.80
56800.490992	-0.32715	0.00044	7.03514	53.340	-0.02779	0.00025	0.150471	0.000302	-5.0695	0.0021	74.40	128.90	307.30	276.10
56800.587840	-0.32696	0.00044	7.03747	53.336	-0.02628	0.00025	0.151371	0.000312	-5.0635	0.0021	72.80	118.10	312.30	314.40
56800.593314	-0.32627	0.00043	7.03657	53.331	-0.02767	0.00023	0.152238	0.000276	-5.0577	0.0018	81.50	128.10	344.90	353.00
56802.492130	-0.33219	0.00066	7.03157	53.398	-0.02649	0.00055	0.149544	0.000899	-5.0759	0.0062	31.80	56.50	142.60	135.50
56802.498368	-0.33235	0.00072	7.03149	53.420	-0.02632	0.00061	0.149495	0.001080	-5.0763	0.0075	28.00	49.80	127.90	123.20
56802.580390	-0.33216	0.00058	7.03463	53.379	-0.02533	0.00044	0.149042	0.000663	-5.0794	0.0046	39.80	69.50	178.20	171.40
56802.585598	-0.33155	0.00056	7.03624	53.366	-0.02548	0.00042	0.148606	0.000615	-5.0825	0.0043	42.00	73.10	186.40	178.60
56803.525671	-0.32864	0.00047	7.03393	53.350	-0.02694	0.00028	0.150793	0.000364	-5.0674	0.0025	63.80	108.30	276.60	268.00
56813.417990	-0.32921	0.00043	7.03617	53.333	-0.02563	0.00023	0.151420	0.000266	-5.0631	0.0018	83.90	142.80	331.00	287.00
56813.421787	-0.32887	0.00044	7.03750	53.325	-0.02649	0.00023	0.151098	0.000270	-5.0653	0.0018	82.60	142.20	325.50	278.40
56813.425571	-0.32988	0.00043	7.03623	53.328	-0.02638	0.00023	0.150214	0.000264	-5.0713	0.0018	84.20	145.50	329.60	277.90
56814.428274	-0.32630	0.00048	7.03561	53.347	-0.02535	0.00030	0.152793	0.000371	-5.0540	0.0024	64.20	95.90	267.90	291.40
56814.431977	-0.32621	0.00047	7.03814	53.346	-0.02692	0.00029	0.153192	0.000356	-5.0514	0.0023	66.60	99.60	275.40	297.50
56814.435831	-0.32698	0.00046	7.03748	53.339	-0.02791	0.00028	0.152504	0.000334	-5.0559	0.0022	70.00	105.20	288.50	308.20
56815.384161	-0.32892	0.00044	7.03576	53.345	-0.02694	0.00025	0.151111	0.000291	-5.0652	0.0020	77.90	127.00	313.20	297.30
56815.388027	-0.32958	0.00045	7.03575	53.347	-0.02645	0.00025	0.151224	0.000303	-5.0644	0.0020	75.30	124.20	304.90	286.30
56815.391765	-0.32928	0.00044	7.03719	53.342	-0.02769	0.00025	0.150835	0.000298	-5.0671	0.0020	76.20	125.90	308.60	288.60
56816.396145	-0.32857	0.00043	7.03647	53.321	-0.02677	0.00021	0.149886	0.000244	-5.0736	0.0017	90.00	154.40	362.70	320.30
56816.401770	-0.32812	0.00043	7.03489	53.333	-0.02631	0.00021	0.149932	0.000251	-5.0732	0.0017	87.80	150.40	355.40	316.20
56816.477148	-0.32849	0.00044	7.03638	53.334	-0.02729	0.00024	0.149682	0.000281	-5.0750	0.0019	79.70	137.70	309.80	262.00
56816.480944	-0.32763	0.00044	7.03747	53.338	-0.02619	0.00024	0.149869	0.000281	-5.0737	0.0019	79.50	137.80	309.80	261.30
56816.484682	-0.32776	0.00044	7.03648	53.331	-0.02617	0.00024	0.149879	0.000282	-5.0736	0.0019	79.40	137.40	310.40	263.00
56828.396071	-0.32779	0.00046	7.03258	53.385	-0.02559	0.00027	0.149854	0.000332	-5.0738	0.0023	68.10	118.70	271.80	234.70
56828.399798	-0.32724	0.00046	7.03268	53.388	-0.02644	0.00028	0.150556	0.000348	-5.0690	0.0024	65.70	113.90	265.50	232.30
56828.403722	-0.32752	0.00046	7.03324	53.393	-0.02557	0.00028	0.150065	0.000349	-5.0723	0.0024	65.40	113.90	262.50	227.00
56829.397530	-0.32585	0.00047	7.03250	53.395	-0.02629	0.00030	0.150724	0.000375	-5.0678	0.0025	61.80	105.70	246.60	220.60
56829.401280	-0.32662	0.00048	7.03388	53.393	-0.02574	0.00032	0.150479	0.000398	-5.0695	0.0027	58.80	99.90	237.10	216.20
56829.405076	-0.32733	0.00047	7.03249	53.389	-0.02588	0.00029	0.150393	0.000363	-5.0701	0.0025	63.50	107.50	253.80	229.70
56830.376999	-0.32598	0.00045	7.03443	53.373	-0.02652	0.00025	0.151438	0.000301	-5.0630	0.0020	74.70	123.60	306.00	287.60
56830.380737	-0.32624	0.00045	7.03332	53.372	-0.02690	0.00025	0.150581	0.000295	-5.0688	0.0020	75.70	126.00	307.90	285.90
56830.384487	-0.32683	0.00045	7.03360	53.372	-0.02650	0.00024	0.150615	0.000288	-5.0686	0.0020	77.10	128.90	311.00	286.20
56831.380749	-0.32824	0.00045	7.03446	53.367	-0.02676	0.00026	0.150874	0.000314	-5.0668	0.0021	71.80	122.50	289.90	261.20
56831.384464	-0.32846	0.00045	7.03385	53.372	-0.02658	0.00026	0.150498	0.000325	-5.0694	0.0022	69.50	120.10	279.40	247.20
56831.388260	-0.32774	0.00045	7.03524	53.365	-0.02638	0.00026	0.150165	0.000325	-5.0716	0.0022	69.40	120.40	277.70	243.60
56832.425618	-0.32737	0.00047	7.03256	53.376	-0.02634	0.00029	0.151481	0.000363	-5.0627	0.0024	63.70	107.20	262.20	245.40
56832.429252	-0.32732	0.00051	7.03401	53.392	-0.02607	0.00036	0.151245	0.000489	-5.0643	0.0033	50.20	84.60	213.50	205.90
56833.382565	-0.32893	0.00054	7.03464	53.389	-0.02422	0.00040	0.151830	0.000574	-5.0604	0.0038	44.40	75.40	191.10	186.10
56833.386187	-0.32921	0.00057	7.03395	53.401	-0.02663	0.00043	0.151996	0.000639	-5.0593	0.0043	40.90	69.70	177.90	174.00
56834.383328	-0.32687	0.00048	7.03426	53.370	-0.02593	0.00031	0.151551	0.000392	-5.0622	0.0026	59.80	102.40	239.90	219.00
56834.387031	-0.32625	0.00048	7.03252	53.379	-0.02540	0.00030	0.151086	0.000388	-5.0654	0.0026	60.10	103.20	243.30	222.40
56835.449978	-0.32788	0.00052	7.03455	53.380	-0.02447	0.00036	0.151546	0.000490	-5.0623	0.0033	50.00	85.40	208.70	195.70
56836.407965	-0.32906	0.00049	7.03445	53.372	-0.02498	0.00031	0.151503	0.000400	-5.0626	0.0027	58.80	101.80	241.70	217.00
56836.411715	-0.32924	0.00049	7.03326	53.371	-0.02559	0.00031	0.151418	0.000400	-5.0631	0.0027	58.90	102.00	241.70	215.90
56845.382952	-0.32800	0.00045	7.03212	53.372	-0.02570	0.00026	0.150938	0.000320	-5.0664	0.0022	70.50	122.10	280.70	245.50
56845.388426	-0.32786	0.00046	7.03243	53.376	-0.02596	0.00027	0.150222	0.000337	-5.0712	0.0023	67.50	116.50	269.80	237.20
56845.392048	-0.32750	0.00045	7.03208	53.371	-0.02534	0.00026	0.150969	0.000317	-5.0662	0.0021	71.20	123.10	284.10	248.30
56846.412335	-0.32772	0.00046	7.03213	53.384	-0.02535	0.00027	0.151471	0.000326	-5.0628	0.0022	69.70	117.70	277.30	247.80
56846.415911	-0.32794	0.00048	7.03036	53.398	-0.02492	0.00031	0.151295	0.000391	-5.0640	0.0026	60.00	101.70	244.80	222.10
56847.390783	-0.32819	0.00064	7.03339	53.412	-0.02620	0.00053	0.150557	0.000849	-5.0690	0.0058	33.10	57.90	143.80	135.40
56847.394568	-0.32690	0.00068	7.03283	53.425	-0.02828	0.00057	0.150776	0.000940	-5.0675	0.0064	30.70	53.90	134.20	127.20
56847.398190	-0.32779	0.00073	7.03334	53.418	-0.02349	0.00063	0.149877	0.001093	-5.0736	0.0075	27.60	48.70	122.70	117.30
56848.376801	-0.32858	0.00063	7.03076	53.397	-0.02429	0.00051	0.150157	0.000814	-5.0717	0.0056	34.10	59.40	150.70	145.30
56848.380435	-0.32798	0.00064	7.03272	53.397	-0.02630	0.00053	0.148723	0.000855	-5.0816	0.0060	32.80	57.30	145.80	141.20
56848.384312	-0.32833	0.00061	7.03169	53.407	-0.02625	0.00049	0.149842	0.000763	-5.0739	0.0053	35.70	62.10	156.90	150.30
56849.377922	-0.32784	0.00056	7.03070	53.397	-0.02577	0.00043	0.150338	0.000619	-5.0705	0.0042	41.70	72.40	178.70	169.10
56849.381509	-0.32914	0.00056	7.03122	53.406	-0.02690	0.00043	0.150258	0.000627	-5.0710	0.0043	41.30	71.60	176.90	167.40
56849.385375	-0.32814	0.00057	7.03145	53.401	-0.02624	0.00044	0.149734	0.000655	-5.0746	0.0045	39.90	69.50	172.10	162.90
56850.389482	-0.32881	0.00071	7.02725	53.438	-0.02316	0.00060	0.150186	0.001036	-5.0715	0.0071	28.70	50.30	129.70	127.50
56850.393417	-0.32887	0.00064	7.03134	53.418	-0.02786	0.00052	0.148832	0.000834	-5.0809	0.0058	33.40	57.90	148.00	144.10
56851.381101	-0.32843	0.00044	7.03171	53.389	-0.02608	0.00025	0.150215	0.000299	-5.0713	0.0020	74.90	124.50	300.10	277.80
56851.384909	-0.32844	0.00045	7.03216	53.378	-0.02560	0.00026	0.149716	0.000315	-5.0747	0.0022	71.40	120.40	288.90	264.60
56851.388601	-0.32800	0.00044	7.03278	53.371	-0.02660	0.00025	0.149813	0.000296	-5.0741	0.0020	75.40	126.90	304.30	277.60
56852.381343	-0.32900	0.00053	7.02937	53.406	-0.02707	0.00038	0.149407	0.000526	-5.0769	0.0036	47.10	81.00	199.90	187.90
56852.385127	-0.32813	0.00053	7.03020	53.404	-0.02528	0.00038	0.149529	0.000529	-5.0760	0.0037	46.90	80.30	198.80	188.00
56852.388889	-0.32841	0.00054	7.03023	53.412	-0.02331	0.00039	0.148318	0.000543	-5.0845	0.0038	45.80	79.10	195.00	185.00
56853.379073	-0.32669	0.00052	7.02944	53.410	-0.02669	0.00038	0.148708	0.000527	-5.0817	0.0037	47.00	81.70	201.00	186.80
56853.382892	-0.32759	0.00052	7.02987	53.401	-0.02731	0.00037	0.148509	0.000516	-5.0831	0.0036	47.70	82.80	204.90	190.80
56853.386654	-0.32746	0.00194	7.02812	53.400	-0.01861	0.00188	0.148242	0.005748	-5.0850	0.0406	8.10	17.00	46.70	42.20
56853.387105	-0.32769	0.00179	7.02613	53.438	-0.03083	0.00173	0.141651	0.005054	-5.1343	0.0400	9.10	18.50	50.00	45.00
56853.387568	-0.33224	0.00204	7.02372	53.436	-0.01942	0.00198	0.145237	0.006306	-5.1068	0.0468	7.50	16.00	45.00	41.50
56853.388008	-0.32537	0.00198	7.02418	53.432	-0.02131	0.00192	0.147395	0.005818	-5.0910	0.0417	8.10	16.90	45.50	41.20
56853.388459	-0.32688	0.00231	7.02643	53.370	-0.02275	0.00226	0.142792	0.007527	-5.1253	0.0584	6.70	14.00	40.60	37.90
56853.388910	-0.32494	0.00239	7.02904	53.389	-0.02269	0.00234	0.139849	0.007926	-5.1488	0.0649	6.30	13.70	39.40	36.10
56853.389362	-0.32861	0.00246	7.01898	53.403	-0.02125	0.00242	0.141598	0.008243	-5.1347	0.0653	6.20	13.20	38.70	35.80
56853.389825	-0.32606	0.00225	7.03481	53.368	-0.02763	0.00220	0.157136	0.007251	-5.0263	0.0448	6.90	14.30	41.80	39.20
56853.390276	-0.32676	0.00216	7.04119	53.368	-0.02695	0.00211	0.148181	0.006863	-5.0855	0.0485	7.10	15.20	42.80	39.00
56853.390727	-0.32524	0.00228	7.02889	53.417	-0.02638	0.00222	0.143472	0.007454	-5.1201	0.0571	6.70	14.50	40.70	36.80
56853.391190	-0.33209	0.00242	7.03091	53.394	-0.02546	0.00237	0.147492	0.008117	-5.0904	0.0581	6.20	13.70	38.30	33.50
56853.391653	-0.32517	0.00267	7.02297	53.429	-0.03600	0.00263	0.137586	0.009302	-5.1677	0.0795	5.60	12.00	36.00	33.90
56853.392093	-0.33083	0.00270	7.03335	53.397	-0.03379	0.00266	0.152769	0.009330	-5.0542	0.0614	5.50	12.30	35.20	31.80
56853.392556	-0.32805	0.00238	7.03302	53.395	-0.02964	0.00233	0.132440	0.007726	-5.2141	0.0735	6.50	13.80	39.30	36.60
56853.393031	-0.33412	0.00287	7.03584	53.311	-0.02920	0.00283	0.127135	0.010005	-5.2677	0.1077	5.30	11.20	34.50	33.20
56863.378688	-0.32765	0.00046	7.03312	53.367	-0.02767	0.00028	0.150575	0.000354	-5.0688	0.0024	64.70	111.00	268.30	242.40
56863.382426	-0.32689	0.00046	7.03167	53.373	-0.02634	0.00028	0.150886	0.000351	-5.0667	0.0024	65.40	112.70	269.40	240.40
56863.386187	-0.32631	0.00045	7.03329	53.370	-0.02667	0.00026	0.150338	0.000324	-5.0705	0.0022	69.70	120.20	284.80	251.80
56863.480904	-0.32818	0.00051	7.03212	53.387	-0.02701	0.00035	0.150406	0.000495	-5.0700	0.0034	49.30	86.60	218.80	199.60
56863.484504	-0.32800	0.00053	7.03359	53.385	-0.02556	0.00038	0.150477	0.000550	-5.0695	0.0038	45.50	80.80	202.60	182.90
56863.488253	-0.32828	0.00052	7.03389	53.379	-0.02482	0.00037	0.150702	0.000534	-5.0680	0.0036	46.70	82.30	208.00	187.80
56864.371664	-0.32863	0.00046	7.03071	53.371	-0.02644	0.00028	0.150562	0.000339	-5.0689	0.0023	67.30	114.40	272.40	245.20
56864.375402	-0.32809	0.00045	7.03133	53.374	-0.02590	0.00026	0.150566	0.000319	-5.0689	0.0022	70.90	120.60	285.80	256.60
56864.379140	-0.32863	0.00046	7.03292	53.369	-0.02559	0.00027	0.150661	0.000327	-5.0683	0.0022	69.40	117.30	281.10	255.70
56864.476160	-0.32819	0.00046	7.03441	53.364	-0.02574	0.00027	0.151479	0.000334	-5.0627	0.0022	68.40	113.00	289.20	276.50
56864.479887	-0.32818	0.00046	7.03412	53.373	-0.02599	0.00028	0.151400	0.000349	-5.0633	0.0023	66.00	108.20	280.50	270.20
56864.483695	-0.32884	0.00046	7.03300	53.375	-0.02515	0.00028	0.151782	0.000352	-5.0607	0.0024	65.70	106.50	279.70	272.00
56865.374721	-0.32969	0.00048	7.03252	53.372	-0.02612	0.00031	0.151337	0.000395	-5.0637	0.0027	59.50	99.80	246.70	234.40
56865.378378	-0.32743	0.00049	7.03207	53.366	-0.02587	0.00032	0.151397	0.000418	-5.0633	0.0028	56.90	94.90	238.30	231.10
56865.382255	-0.32814	0.00049	7.03299	53.377	-0.02606	0.00033	0.150804	0.000439	-5.0673	0.0030	54.50	92.30	230.10	220.30
56865.472308	-0.33088	0.00047	7.03497	53.368	-0.02624	0.00029	0.150779	0.000366	-5.0675	0.0025	63.00	109.00	264.50	235.20
56865.476058	-0.33032	0.00046	7.03249	53.372	-0.02541	0.00028	0.150446	0.000356	-5.0697	0.0024	64.60	109.10	271.70	249.10
56865.479819	-0.32981	0.00046	7.03486	53.365	-0.02659	0.00028	0.151421	0.000356	-5.0631	0.0024	64.90	107.30	274.10	257.80
56866.366204	-0.32788	0.00043	7.03266	53.349	-0.02629	0.00024	0.151829	0.000273	-5.0604	0.0018	81.40	134.70	321.30	297.10
56866.369966	-0.32850	0.00043	7.03401	53.357	-0.02519	0.00024	0.151888	0.000276	-5.0600	0.0018	80.70	133.80	319.30	294.00
56866.373611	-0.32854	0.00044	7.03315	53.360	-0.02522	0.00026	0.150986	0.000306	-5.0660	0.0021	73.40	122.90	294.40	268.20
56866.459058	-0.32925	0.00049	7.03353	53.382	-0.02652	0.00033	0.151447	0.000433	-5.0629	0.0029	55.30	93.00	236.60	224.90
56866.462912	-0.32952	0.00050	7.03253	53.374	-0.02580	0.00034	0.151892	0.000457	-5.0600	0.0030	53.00	89.30	227.60	216.00
56866.466581	-0.32764	0.00050	7.03439	53.375	-0.02532	0.00034	0.151776	0.000457	-5.0607	0.0031	52.90	89.00	227.70	215.60
56883.359819	-0.32771	0.00051	7.03333	53.380	-0.02593	0.00035	0.149776	0.000478	-5.0743	0.0033	50.60	86.90	216.00	203.30
56883.363361	-0.32852	0.00050	7.03225	53.387	-0.02545	0.00035	0.149421	0.000475	-5.0768	0.0033	50.80	88.30	216.70	200.50
56883.367319	-0.32866	0.00054	7.03308	53.392	-0.02564	0.00040	0.148704	0.000560	-5.0818	0.0039	44.60	78.00	192.30	179.20
56884.355304	-0.32879	0.00054	7.03052	53.380	-0.02496	0.00039	0.150855	0.000546	-5.0669	0.0037	45.60	80.80	192.20	172.20
56884.359182	-0.33044	0.00055	7.03292	53.386	-0.02697	0.00041	0.150268	0.000595	-5.0709	0.0041	42.60	75.40	182.30	166.60
56884.363093	-0.33034	0.00053	7.03346	53.394	-0.02717	0.00038	0.149577	0.000537	-5.0757	0.0037	46.10	80.80	198.80	184.40
56885.354540	-0.32848	0.00054	7.03304	53.379	-0.02550	0.00039	0.149584	0.000557	-5.0756	0.0039	44.90	77.60	197.30	189.50
56885.358325	-0.32812	0.00053	7.03074	53.394	-0.02849	0.00038	0.149983	0.000545	-5.0729	0.0037	45.60	79.80	199.90	188.00
56885.362109	-0.32769	0.00054	7.03332	53.387	-0.02581	0.00039	0.149939	0.000562	-5.0732	0.0039	44.70	77.40	196.70	188.20
56886.353776	-0.33151	0.00049	7.03287	53.365	-0.02585	0.00032	0.149935	0.000427	-5.0732	0.0029	55.20	96.70	232.50	208.60
56886.357630	-0.33111	0.00052	7.03282	53.377	-0.02833	0.00038	0.149093	0.000522	-5.0790	0.0036	47.10	82.70	201.90	183.70
56886.361137	-0.33061	0.00049	7.03217	53.384	-0.02511	0.00033	0.149940	0.000428	-5.0732	0.0029	55.20	95.30	234.60	215.10
56887.353302	-0.33028	0.00051	7.03204	53.367	-0.02728	0.00036	0.150466	0.000482	-5.0696	0.0033	50.30	86.40	216.00	202.90
56887.356971	-0.32966	0.00053	7.03317	53.383	-0.02575	0.00038	0.150193	0.000530	-5.0714	0.0036	46.70	80.70	202.40	189.50
56887.360814	-0.32978	0.00053	7.03273	53.382	-0.02718	0.00039	0.149352	0.000541	-5.0772	0.0038	45.90	79.70	199.10	187.80
56888.351602	-0.32983	0.00048	7.03181	53.373	-0.02678	0.00032	0.150522	0.000412	-5.0692	0.0028	57.00	97.50	241.70	226.10
56888.355329	-0.32917	0.00048	7.03345	53.373	-0.02732	0.00032	0.150280	0.000413	-5.0708	0.0028	56.80	97.40	241.80	225.60
56888.359021	-0.32905	0.00047	7.03233	53.374	-0.02646	0.00030	0.150490	0.000383	-5.0694	0.0026	60.50	103.20	257.90	239.50
56889.355285	-0.32694	0.00063	7.03430	53.387	-0.02427	0.00052	0.150562	0.000840	-5.0689	0.0057	33.10	59.30	147.20	137.10
56889.359081	-0.32798	0.00062	7.03159	53.418	-0.02587	0.00051	0.149242	0.000816	-5.0780	0.0057	33.60	60.00	150.90	141.90
56889.362923	-0.32840	0.00055	7.03136	53.391	-0.02609	0.00042	0.150826	0.000612	-5.0671	0.0041	41.90	73.10	183.10	169.80
56890.421407	-0.32732	0.00056	7.03276	53.395	-0.02564	0.00043	0.149977	0.000672	-5.0729	0.0046	38.90	69.50	178.70	164.10
56890.425250	-0.32788	0.00052	7.03439	53.377	-0.02432	0.00037	0.149448	0.000550	-5.0766	0.0038	45.20	81.30	205.20	185.50
56890.429034	-0.32708	0.00054	7.03499	53.385	-0.02470	0.00041	0.148942	0.000616	-5.0801	0.0043	41.40	74.90	188.00	171.00
56891.349504	-0.32712	0.00045	7.03227	53.371	-0.02627	0.00027	0.151277	0.000323	-5.0641	0.0022	70.00	115.40	287.30	275.10
56891.353196	-0.32781	0.00045	7.03310	53.363	-0.02512	0.00027	0.151524	0.000320	-5.0624	0.0021	70.50	117.50	286.90	268.60
56891.357004	-0.32655	0.00044	7.03243	53.365	-0.02474	0.00025	0.150931	0.000301	-5.0664	0.0020	74.30	124.20	300.20	277.70
57054.800087	-0.32855	0.00054	7.02839	53.418	-0.02533	0.00041	0.150139	0.000592	-5.0718	0.0041	42.40	78.10	188.50	184.10
57054.804068	-0.32791	0.00047	7.03059	53.388	-0.02779	0.00032	0.150892	0.000405	-5.0667	0.0027	57.40	102.20	245.80	240.30
57106.666623	-0.32553	0.00049	7.02946	53.401	-0.02696	0.00033	0.150147	0.000438	-5.0718	0.0030	54.10	91.70	236.10	251.60
57106.671958	-0.32615	0.00049	7.02813	53.402	-0.02495	0.00034	0.151033	0.000450	-5.0657	0.0030	53.00	89.20	232.70	251.80
57106.755837	-0.32633	0.00053	7.03011	53.405	-0.02755	0.00038	0.151172	0.000544	-5.0648	0.0037	45.70	78.80	205.00	217.60
57106.761288	-0.32636	0.00053	7.02827	53.413	-0.02632	0.00038	0.149733	0.000550	-5.0746	0.0038	45.20	78.40	204.00	215.00
57107.685558	-0.32701	0.00045	7.02881	53.386	-0.02756	0.00027	0.149813	0.000333	-5.0741	0.0023	67.60	115.20	292.10	302.30
57107.691160	-0.32748	0.00045	7.02888	53.388	-0.02577	0.00026	0.150487	0.000331	-5.0694	0.0023	68.00	116.10	294.60	303.90
57107.752503	-0.32891	0.00049	7.02876	53.402	-0.02411	0.00033	0.149018	0.000434	-5.0796	0.0030	54.10	96.70	235.30	226.50
57107.756253	-0.32820	0.00047	7.02890	53.397	-0.02605	0.00031	0.149900	0.000398	-5.0735	0.0027	58.20	103.50	251.50	240.90
57107.760049	-0.32826	0.00047	7.02937	53.395	-0.02516	0.00030	0.148662	0.000386	-5.0821	0.0027	59.50	105.80	258.10	245.80
57115.621675	-0.32743	0.00047	7.02790	53.402	-0.02885	0.00030	0.149479	0.000394	-5.0764	0.0027	58.90	105.10	248.20	235.80
57115.625448	-0.32847	0.00048	7.02996	53.408	-0.02600	0.00032	0.148947	0.000417	-5.0801	0.0029	56.10	100.90	237.20	224.90
57115.629129	-0.32824	0.00048	7.03032	53.397	-0.02509	0.00032	0.148967	0.000426	-5.0799	0.0030	55.10	99.40	233.10	220.30
57115.634372	-0.32622	0.00047	7.03045	53.397	-0.02573	0.00031	0.149029	0.000401	-5.0795	0.0028	57.90	103.10	245.50	235.50
57115.638041	-0.32741	0.00048	7.03044	53.393	-0.02496	0.00033	0.149268	0.000431	-5.0778	0.0030	54.70	98.00	232.80	222.80
57115.641907	-0.32629	0.00049	7.03001	53.403	-0.02676	0.00033	0.148260	0.000444	-5.0849	0.0031	53.30	95.50	227.50	218.30
57115.744835	-0.32737	0.00054	7.02895	53.420	-0.02598	0.00040	0.150021	0.000565	-5.0726	0.0039	44.50	77.20	195.00	198.00
57115.747902	-0.32703	0.00051	7.02670	53.421	-0.02429	0.00036	0.149605	0.000495	-5.0755	0.0034	49.40	84.50	214.00	216.90
57115.751062	-0.32730	0.00051	7.02895	53.412	-0.02548	0.00037	0.149517	0.000499	-5.0761	0.0035	49.00	83.80	213.00	216.00
57115.755368	-0.32523	0.00052	7.02902	53.421	-0.02694	0.00038	0.149307	0.000517	-5.0776	0.0036	47.50	81.70	209.20	212.10
57115.758678	-0.32709	0.00056	7.02863	53.438	-0.02591	0.00043	0.148632	0.000631	-5.0823	0.0044	40.70	71.40	183.20	185.60
57115.761780	-0.32674	0.00052	7.02984	53.420	-0.02872	0.00038	0.149661	0.000526	-5.0751	0.0036	47.10	80.60	208.50	213.60
57116.491689	-0.32860	0.00046	7.03088	53.390	-0.02632	0.00029	0.148882	0.000378	-5.0805	0.0026	60.70	108.80	269.70	264.90
57116.495439	-0.32984	0.00045	7.03175	53.386	-0.02565	0.00027	0.149283	0.000339	-5.0777	0.0024	66.70	117.20	282.30	272.20
57116.499165	-0.32775	0.00045	7.02937	53.387	-0.02620	0.00027	0.148697	0.000331	-5.0818	0.0023	68.00	119.30	284.20	271.60
57116.504455	-0.32768	0.00047	7.02918	53.399	-0.02730	0.00030	0.149373	0.000396	-5.0771	0.0027	58.70	103.50	253.30	249.20
57116.508263	-0.32704	0.00048	7.03148	53.394	-0.02679	0.00032	0.149422	0.000425	-5.0768	0.0029	55.40	98.40	242.10	239.20
57116.512024	-0.32771	0.00047	7.03187	53.394	-0.02578	0.00030	0.149812	0.000403	-5.0741	0.0028	57.80	103.50	253.60	248.50
57116.612024	-0.32757	0.00044	7.03023	53.377	-0.02703	0.00026	0.149219	0.000308	-5.0782	0.0021	72.10	127.70	295.20	272.10
57116.615809	-0.32787	0.00044	7.03028	53.385	-0.02766	0.00026	0.149212	0.000312	-5.0782	0.0022	71.40	127.30	292.10	267.10
57116.619524	-0.32804	0.00044	7.03023	53.378	-0.02670	0.00025	0.149477	0.000297	-5.0764	0.0021	74.50	132.40	304.50	279.60
57116.624351	-0.32707	0.00045	7.03237	53.380	-0.02716	0.00026	0.148695	0.000322	-5.0818	0.0023	69.30	123.40	286.50	266.70
57116.628101	-0.32898	0.00046	7.03363	53.387	-0.02583	0.00028	0.149747	0.000354	-5.0745	0.0024	64.40	114.10	268.20	253.20
57116.632048	-0.32913	0.00046	7.03162	53.380	-0.02848	0.00028	0.148506	0.000350	-5.0832	0.0025	64.50	116.40	268.40	247.00
57117.628067	-0.33050	0.00054	7.02919	53.397	-0.02564	0.00041	0.148305	0.000584	-5.0846	0.0041	43.10	78.50	187.00	178.90
57117.631829	-0.32944	0.00050	7.03003	53.404	-0.02694	0.00035	0.149296	0.000469	-5.0776	0.0033	51.20	92.40	217.10	205.40
57117.635509	-0.32967	0.00050	7.02799	53.409	-0.02714	0.00035	0.149868	0.000477	-5.0737	0.0033	50.60	90.90	215.20	205.60
57117.640417	-0.32940	0.00051	7.02844	53.407	-0.02719	0.00037	0.148747	0.000514	-5.0815	0.0036	47.60	86.00	203.50	194.10
57117.644329	-0.32822	0.00048	7.02963	53.393	-0.02756	0.00033	0.149791	0.000436	-5.0742	0.0030	54.30	97.50	227.90	215.20
57117.648079	-0.32866	0.00046	7.03064	53.391	-0.02723	0.00031	0.148119	0.000388	-5.0859	0.0027	59.40	106.90	244.40	225.90
57117.746042	-0.32745	0.00047	7.02846	53.402	-0.02603	0.00030	0.150110	0.000384	-5.0720	0.0026	60.70	102.70	259.20	260.50
57117.749606	-0.32758	0.00049	7.02837	53.402	-0.02719	0.00033	0.150133	0.000434	-5.0719	0.0030	54.90	92.80	235.30	240.20
57117.753623	-0.32733	0.00049	7.02715	53.408	-0.02738	0.00033	0.150443	0.000433	-5.0697	0.0030	55.00	93.60	236.30	240.40
57117.758796	-0.32751	0.00046	7.03034	53.385	-0.02649	0.00030	0.149074	0.000373	-5.0792	0.0026	61.70	105.60	262.60	258.90
57117.762650	-0.32805	0.00047	7.02960	53.394	-0.02642	0.00031	0.149395	0.000404	-5.0769	0.0028	57.90	100.00	250.50	246.20
57117.766261	-0.32902	0.00050	7.03056	53.400	-0.02766	0.00035	0.150146	0.000481	-5.0718	0.0033	50.40	87.20	222.40	222.20
57118.634120	-0.32799	0.00054	7.02714	53.404	-0.02743	0.00040	0.148077	0.000559	-5.0862	0.0040	44.50	82.60	184.80	168.10
57118.637384	-0.32789	0.00052	7.02564	53.407	-0.02626	0.00037	0.148298	0.000514	-5.0846	0.0036	47.40	87.40	196.80	179.80
57118.640497	-0.32674	0.00051	7.02703	53.401	-0.02787	0.00036	0.148738	0.000499	-5.0815	0.0035	48.70	89.10	202.40	186.40
57118.645220	-0.32636	0.00052	7.02899	53.406	-0.02690	0.00037	0.148882	0.000511	-5.0805	0.0036	47.70	88.20	196.80	178.90
57118.648472	-0.32580	0.00051	7.02856	53.412	-0.02714	0.00036	0.148894	0.000491	-5.0804	0.0034	49.20	90.40	203.80	187.20
57118.651528	-0.32511	0.00053	7.02745	53.418	-0.02752	0.00038	0.147848	0.000532	-5.0878	0.0038	46.10	84.60	193.60	179.80
57118.749201	-0.32982	0.00059	7.03059	53.414	-0.02485	0.00047	0.149478	0.000734	-5.0764	0.0051	36.50	65.90	164.40	162.00
57118.752430	-0.32954	0.00060	7.02722	53.424	-0.02587	0.00048	0.148683	0.000750	-5.0819	0.0053	35.90	65.40	162.30	158.30
57118.755486	-0.32985	0.00056	7.03006	53.416	-0.02499	0.00043	0.150613	0.000644	-5.0686	0.0044	40.30	71.60	180.10	179.70
57118.760428	-0.32644	0.00056	7.03039	53.435	-0.02630	0.00042	0.150242	0.000621	-5.0711	0.0043	41.60	70.20	187.10	200.40
57118.763599	-0.32534	0.00054	7.02995	53.413	-0.02756	0.00041	0.149901	0.000583	-5.0734	0.0040	43.60	73.20	195.60	208.90
57118.766713	-0.32660	0.00053	7.03031	53.409	-0.02858	0.00040	0.150072	0.000558	-5.0723	0.0038	45.20	75.10	201.70	216.60
57120.646651	-0.32909	0.00052	7.02910	53.405	-0.02626	0.00038	0.148487	0.000531	-5.0833	0.0037	46.30	85.00	200.80	187.30
57120.650598	-0.33069	0.00067	7.03115	53.425	-0.02615	0.00056	0.148550	0.000976	-5.0828	0.0069	29.70	55.80	136.20	130.80
57120.654244	-0.32869	0.00053	7.02803	53.405	-0.02692	0.00039	0.148581	0.000568	-5.0826	0.0040	44.00	82.20	190.10	172.80
57120.659776	-0.32737	0.00054	7.03063	53.407	-0.02718	0.00040	0.148035	0.000584	-5.0865	0.0041	43.20	77.20	190.40	187.10
57120.663712	-0.32697	0.00054	7.03081	53.401	-0.02866	0.00041	0.147907	0.000588	-5.0874	0.0042	42.90	77.10	189.10	184.30
57120.667531	-0.32629	0.00055	7.03146	53.413	-0.02749	0.00042	0.148086	0.000606	-5.0861	0.0043	41.90	75.20	185.00	181.40
57121.628338	-0.32485	0.00048	7.02756	53.390	-0.02637	0.00032	0.148153	0.000433	-5.0856	0.0031	54.20	102.90	222.70	191.40
57121.632123	-0.32345	0.00047	7.02897	53.388	-0.02753	0.00030	0.149084	0.000400	-5.0791	0.0028	57.90	110.10	235.10	200.00
57121.635896	-0.32383	0.00046	7.02869	53.383	-0.02501	0.00029	0.148066	0.000382	-5.0863	0.0027	60.00	114.30	240.60	203.40
57121.640873	-0.32168	0.00047	7.02755	53.386	-0.02609	0.00030	0.147583	0.000380	-5.0897	0.0027	60.10	115.50	230.40	192.30
57121.644588	-0.32311	0.00047	7.02481	53.395	-0.02594	0.00030	0.147768	0.000383	-5.0884	0.0027	59.70	114.70	224.00	186.80
57121.648361	-0.32392	0.00046	7.02684	53.383	-0.02678	0.00029	0.147222	0.000364	-5.0923	0.0026	62.20	117.90	239.40	202.90
57121.746382	-0.32899	0.00049	7.02981	53.387	-0.02711	0.00034	0.148495	0.000468	-5.0832	0.0033	51.30	92.30	226.70	216.10
57121.750190	-0.32985	0.00051	7.02957	53.399	-0.02705	0.00037	0.149644	0.000522	-5.0752	0.0036	47.40	83.60	214.20	212.20
57121.755166	-0.32734	0.00050	7.02901	53.415	-0.02607	0.00035	0.148702	0.000487	-5.0818	0.0034	49.80	87.10	224.10	222.80
57121.758974	-0.32824	0.00050	7.03080	53.393	-0.02678	0.00034	0.149282	0.000469	-5.0777	0.0033	51.50	89.40	231.60	231.60
57122.630429	-0.32664	0.00047	7.02745	53.400	-0.02772	0.00030	0.148940	0.000392	-5.0801	0.0027	59.00	108.00	243.20	220.20
57122.633669	-0.32683	0.00049	7.02841	53.401	-0.02600	0.00032	0.149071	0.000431	-5.0792	0.0030	54.80	100.20	228.10	208.60
57122.636760	-0.32670	0.00051	7.02735	53.406	-0.02676	0.00036	0.149890	0.000495	-5.0735	0.0034	49.20	90.20	208.30	192.90
57122.641308	-0.32651	0.00047	7.02867	53.393	-0.02599	0.00032	0.148596	0.000418	-5.0825	0.0029	56.00	101.90	233.20	213.70
57122.644341	-0.32799	0.00046	7.02957	53.394	-0.02649	0.00030	0.148360	0.000389	-5.0842	0.0027	59.20	107.30	247.20	226.50
57122.647512	-0.32786	0.00046	7.02869	53.398	-0.02778	0.00030	0.148197	0.000389	-5.0853	0.0028	59.30	107.30	249.30	228.50
57122.735544	-0.33026	0.00087	7.02754	53.475	-0.02625	0.00080	0.145466	0.001716	-5.1051	0.0127	19.70	38.40	99.50	99.20
57122.738785	-0.32869	0.00072	7.02986	53.435	-0.02689	0.00063	0.145838	0.001167	-5.1023	0.0086	25.90	49.10	124.50	122.10
57122.741875	-0.33094	0.00070	7.02861	53.429	-0.02793	0.00061	0.147680	0.001131	-5.0890	0.0081	26.50	49.90	128.40	127.40
57122.746157	-0.33105	0.00071	7.03019	53.411	-0.02765	0.00060	0.148791	0.001113	-5.0812	0.0078	27.10	50.20	130.90	130.50
57122.749363	-0.33121	0.00071	7.02955	53.429	-0.02899	0.00061	0.147444	0.001127	-5.0907	0.0081	26.80	50.20	129.10	128.50
57122.752558	-0.33066	0.00070	7.02976	53.440	-0.02717	0.00059	0.148860	0.001089	-5.0807	0.0076	27.50	51.30	132.00	131.00
57123.619741	-0.32561	0.00058	7.02716	53.414	-0.02861	0.00044	0.148362	0.000682	-5.0842	0.0048	38.40	71.70	168.00	159.50
57123.623537	-0.32567	0.00057	7.02881	53.418	-0.02650	0.00044	0.148133	0.000677	-5.0858	0.0048	38.60	72.00	168.60	159.70
57123.627391	-0.32566	0.00058	7.02735	53.417	-0.02641	0.00045	0.149055	0.000688	-5.0793	0.0048	38.20	71.10	167.90	159.90
57123.632287	-0.32626	0.00056	7.02717	53.410	-0.02609	0.00043	0.147906	0.000638	-5.0874	0.0045	40.40	74.90	175.00	165.30
57123.636002	-0.32491	0.00057	7.02930	53.406	-0.02601	0.00044	0.148424	0.000677	-5.0837	0.0048	38.70	72.00	169.10	160.50
57123.639822	-0.32545	0.00058	7.02812	53.408	-0.02655	0.00045	0.148001	0.000695	-5.0867	0.0049	37.90	70.20	166.90	159.70
57123.738629	-0.32549	0.00055	7.02750	53.419	-0.02621	0.00042	0.149278	0.000629	-5.0778	0.0044	40.80	76.30	179.80	166.50
57123.741731	-0.32522	0.00055	7.02854	53.416	-0.02630	0.00041	0.146804	0.000619	-5.0953	0.0045	41.10	76.70	181.40	167.90
57123.744902	-0.32530	0.00059	7.02796	53.420	-0.02582	0.00047	0.147892	0.000743	-5.0875	0.0053	36.00	67.60	162.10	152.00
57123.749346	-0.32616	0.00059	7.02839	53.418	-0.02707	0.00046	0.147265	0.000744	-5.0920	0.0053	35.90	67.50	162.90	152.70
57123.752483	-0.32622	0.00060	7.02603	53.419	-0.02338	0.00048	0.148161	0.000785	-5.0856	0.0056	34.70	65.40	157.50	148.90
57123.755758	-0.32668	0.00060	7.02788	53.414	-0.02623	0.00048	0.148058	0.000781	-5.0863	0.0055	34.80	65.40	158.10	149.30
57180.370940	-0.32678	0.00050	7.02896	53.385	-0.02522	0.00036	0.148708	0.000490	-5.0817	0.0034	49.40	87.80	206.70	193.50
57180.376726	-0.32711	0.00052	7.02857	53.404	-0.02451	0.00039	0.149574	0.000560	-5.0757	0.0039	44.60	79.80	189.00	177.60
57181.383606	-0.32802	0.00043	7.02888	53.391	-0.02602	0.00024	0.149326	0.000296	-5.0774	0.0021	74.70	131.70	303.70	273.20
57181.389196	-0.32773	0.00043	7.03200	53.381	-0.02611	0.00025	0.148952	0.000312	-5.0800	0.0022	71.30	124.40	294.50	273.30
57181.471229	-0.32656	0.00041	7.02955	53.379	-0.02502	0.00022	0.148679	0.000255	-5.0819	0.0018	84.70	150.50	330.20	287.80
57181.476680	-0.32631	0.00042	7.03013	53.373	-0.02550	0.00022	0.148715	0.000258	-5.0817	0.0018	84.10	148.30	329.80	291.40
57182.374364	-0.32962	0.00048	7.02906	53.397	-0.02556	0.00033	0.148813	0.000454	-5.0810	0.0032	52.50	93.00	225.20	214.60
57182.379746	-0.32980	0.00049	7.03000	53.409	-0.02677	0.00034	0.148951	0.000471	-5.0800	0.0033	50.90	91.50	217.20	200.90
57182.461420	-0.32818	0.00044	7.03027	53.387	-0.02561	0.00026	0.147987	0.000331	-5.0868	0.0023	67.60	120.10	281.00	258.90
57182.466929	-0.32766	0.00042	7.02940	53.381	-0.02565	0.00023	0.148643	0.000283	-5.0822	0.0020	77.50	137.80	315.70	283.10
57184.371225	-0.32522	0.00063	7.02551	53.382	-0.02416	0.00052	0.149390	0.000835	-5.0770	0.0058	33.30	58.00	148.00	152.60
57184.376467	-0.32500	0.00064	7.02915	53.412	-0.02526	0.00053	0.149089	0.000873	-5.0791	0.0061	32.10	56.50	144.70	148.60
57184.454519	-0.32581	0.00043	7.02949	53.386	-0.02561	0.00025	0.150025	0.000306	-5.0726	0.0021	73.10	120.60	307.90	322.20
57185.373971	-0.32587	0.00043	7.02835	53.383	-0.02589	0.00026	0.149810	0.000322	-5.0741	0.0022	69.90	119.30	289.60	279.00
57185.379353	-0.32619	0.00044	7.02861	53.392	-0.02519	0.00027	0.149083	0.000342	-5.0791	0.0024	66.30	114.30	275.70	263.90
57185.460633	-0.32583	0.00041	7.02865	53.390	-0.02677	0.00023	0.149615	0.000269	-5.0754	0.0019	81.60	137.30	332.50	321.90
57185.465910	-0.32551	0.00041	7.03079	53.379	-0.02606	0.00023	0.149975	0.000268	-5.0729	0.0018	82.00	138.10	334.70	323.90
57186.371879	-0.32739	0.00043	7.02957	53.374	-0.02569	0.00025	0.149393	0.000313	-5.0770	0.0022	71.40	123.30	293.10	277.70
57186.377354	-0.32689	0.00043	7.03058	53.377	-0.02573	0.00025	0.148613	0.000309	-5.0824	0.0022	72.00	125.30	294.30	275.40
57186.458495	-0.32715	0.00041	7.03035	53.376	-0.02609	0.00021	0.149260	0.000253	-5.0779	0.0018	85.80	148.80	345.40	318.30
57186.463946	-0.32715	0.00041	7.03131	53.376	-0.02661	0.00022	0.149350	0.000261	-5.0773	0.0018	83.60	143.40	337.00	316.00
57188.374106	-0.32604	0.00041	7.02993	53.366	-0.02685	0.00021	0.148654	0.000243	-5.0821	0.0017	88.50	155.50	353.00	312.80
57188.379604	-0.32568	0.00040	7.03008	53.368	-0.02607	0.00020	0.148993	0.000233	-5.0797	0.0016	92.00	163.70	365.40	314.30
57188.453315	-0.32682	0.00041	7.03044	53.370	-0.02636	0.00021	0.149127	0.000248	-5.0788	0.0017	87.10	152.70	346.20	309.70
57188.458801	-0.32533	0.00041	7.03071	53.376	-0.02600	0.00022	0.149138	0.000258	-5.0787	0.0018	84.20	147.70	336.20	301.20
57189.375370	-0.32547	0.00045	7.03006	53.398	-0.02598	0.00030	0.150145	0.000392	-5.0718	0.0027	59.70	98.80	253.00	264.50
57189.380902	-0.32608	0.00046	7.02920	53.400	-0.02617	0.00031	0.149834	0.000407	-5.0739	0.0028	57.90	96.20	246.70	258.30
57190.370788	-0.32704	0.00049	7.02766	53.371	-0.02600	0.00034	0.148116	0.000464	-5.0859	0.0033	51.50	93.30	213.20	194.00
57190.376517	-0.32677	0.00050	7.02770	53.390	-0.02506	0.00036	0.147262	0.000500	-5.0920	0.0036	48.40	87.90	202.10	184.90
57191.370454	-0.32549	0.00044	7.02771	53.365	-0.02645	0.00026	0.148413	0.000333	-5.0838	0.0023	67.40	120.30	275.80	249.00
57191.375813	-0.32526	0.00043	7.02870	53.375	-0.02747	0.00025	0.147851	0.000310	-5.0878	0.0022	71.50	128.50	286.70	254.30
57192.370582	-0.32798	0.00043	7.02828	53.366	-0.02581	0.00025	0.147778	0.000313	-5.0883	0.0022	70.90	128.90	281.90	244.40
57192.375999	-0.32767	0.00043	7.02927	53.370	-0.02628	0.00025	0.147756	0.000307	-5.0885	0.0022	71.90	132.40	282.10	239.20
57193.374842	-0.32740	0.00045	7.03099	53.374	-0.02577	0.00028	0.149811	0.000347	-5.0741	0.0024	65.90	110.40	269.10	264.00
57193.380640	-0.32791	0.00042	7.03006	53.383	-0.02618	0.00024	0.149011	0.000286	-5.0796	0.0020	77.30	131.80	313.00	298.20
57407.672137	-0.32777	0.00051	7.03031	53.395	-0.02471	0.00037	0.150601	0.000527	-5.0687	0.0036	46.00	90.10	202.70	189.20
57407.676014	-0.32826	0.00053	7.02970	53.391	-0.02776	0.00040	0.149806	0.000591	-5.0741	0.0041	42.20	82.40	188.50	179.20
57407.679938	-0.32876	0.00054	7.02976	53.393	-0.02524	0.00040	0.150801	0.000606	-5.0673	0.0041	41.50	80.50	187.40	182.00
57407.776043	-0.32828	0.00047	7.03055	53.382	-0.02489	0.00030	0.150309	0.000393	-5.0707	0.0027	58.20	112.70	238.30	216.70
57407.779782	-0.32796	0.00046	7.02949	53.381	-0.02575	0.00029	0.149938	0.000367	-5.0732	0.0025	61.50	119.00	249.80	226.70
57407.783636	-0.32836	0.00048	7.02911	53.387	-0.02688	0.00033	0.151104	0.000437	-5.0653	0.0029	53.50	104.20	222.70	203.70
57408.672868	-0.32934	0.00063	7.02748	53.430	-0.02498	0.00051	0.151107	0.000845	-5.0652	0.0057	32.40	63.50	149.50	147.10
57408.676722	-0.33034	0.00063	7.02897	53.419	-0.02553	0.00051	0.151228	0.000848	-5.0644	0.0057	32.30	63.70	148.80	145.10
57408.680553	-0.33006	0.00061	7.03013	53.406	-0.02717	0.00050	0.149967	0.000816	-5.0730	0.0056	33.20	65.60	153.10	148.70
57408.776682	-0.33015	0.00092	7.02854	53.442	-0.02471	0.00085	0.151277	0.001782	-5.0641	0.0120	19.00	38.60	92.40	93.10
57408.780432	-0.33115	0.00111	7.02740	53.431	-0.02420	0.00105	0.152901	0.002493	-5.0533	0.0164	15.10	31.30	76.00	76.80
57408.784136	-0.33019	0.00103	7.03332	53.417	-0.02286	0.00097	0.150069	0.002199	-5.0723	0.0151	16.40	33.80	81.80	82.40
57410.751752	-0.32516	0.00068	7.02447	53.378	-0.02458	0.00058	0.155220	0.000919	-5.0383	0.0058	31.30	49.30	130.10	171.50
57411.706599	-0.32796	0.00076	7.02765	53.348	-0.02867	0.00068	0.151561	0.001226	-5.0622	0.0082	25.00	46.90	115.20	125.00
57411.715442	-0.32821	0.00080	7.02468	53.378	-0.02451	0.00071	0.150445	0.001331	-5.0697	0.0091	23.50	44.70	109.80	118.40
57412.657291	-0.32621	0.00055	7.02981	53.414	-0.02551	0.00043	0.151446	0.000639	-5.0629	0.0043	40.10	72.70	181.40	198.60
57412.660960	-0.32725	0.00057	7.03090	53.413	-0.02618	0.00045	0.152389	0.000669	-5.0567	0.0044	38.90	69.40	174.70	193.60
57412.664803	-0.32748	0.00077	7.03120	53.425	-0.01985	0.00069	0.152248	0.001239	-5.0576	0.0082	24.80	45.50	116.10	128.00
57412.793491	-0.32680	0.00052	7.03073	53.405	-0.02680	0.00038	0.151409	0.000519	-5.0632	0.0035	47.20	84.40	203.10	215.60
57412.797207	-0.32987	0.00051	7.03082	53.410	-0.02554	0.00037	0.151842	0.000497	-5.0603	0.0033	48.80	86.80	208.90	222.10
57412.800922	-0.32959	0.00052	7.02958	53.408	-0.02804	0.00039	0.152631	0.000527	-5.0551	0.0035	46.70	83.00	199.70	213.10
57413.639894	-0.32847	0.00080	7.03214	53.422	-0.02668	0.00072	0.150798	0.001442	-5.0673	0.0098	22.20	43.50	108.30	113.60
57413.643390	-0.32786	0.00080	7.03156	53.429	-0.02552	0.00072	0.153598	0.001402	-5.0487	0.0091	22.80	43.80	109.70	117.80
57413.647406	-0.32631	0.00072	7.02688	53.438	-0.02514	0.00063	0.153255	0.001155	-5.0510	0.0075	26.10	49.10	123.60	134.40
57413.785620	-0.32755	0.00058	7.02940	53.418	-0.02841	0.00046	0.151208	0.000702	-5.0646	0.0047	37.40	69.00	165.50	173.70
57413.789417	-0.32828	0.00064	7.03060	53.419	-0.02891	0.00054	0.149050	0.000872	-5.0793	0.0061	31.70	59.50	142.80	149.80
57413.793155	-0.32809	0.00059	7.03263	53.407	-0.02625	0.00048	0.150436	0.000729	-5.0698	0.0050	36.30	67.20	161.20	169.00
57414.664826	-0.32939	0.00055	7.03026	53.406	-0.02667	0.00042	0.150720	0.000634	-5.0679	0.0043	40.30	75.00	183.50	193.40
57414.668981	-0.33059	0.00054	7.02975	53.405	-0.02775	0.00041	0.150232	0.000598	-5.0712	0.0041	42.00	77.60	188.00	194.30
57414.672604	-0.32840	0.00050	7.02844	53.400	-0.02807	0.00035	0.150486	0.000484	-5.0694	0.0033	49.60	90.80	217.20	222.50
57414.766325	-0.32923	0.00047	7.02930	53.384	-0.02644	0.00031	0.150872	0.000394	-5.0668	0.0027	58.40	107.60	247.00	244.10
57414.770086	-0.32791	0.00046	7.02992	53.390	-0.02773	0.00030	0.150760	0.000386	-5.0676	0.0026	59.50	109.60	249.70	245.80
57414.773814	-0.32774	0.00048	7.02733	53.403	-0.02532	0.00032	0.151158	0.000426	-5.0649	0.0029	54.90	102.00	233.70	231.20
57432.719955	-0.32794	0.00062	7.02912	53.423	-0.02651	0.00051	0.151912	0.000795	-5.0598	0.0053	34.30	61.50	151.10	164.80
57432.725534	-0.32789	0.00052	7.03034	53.397	-0.02812	0.00039	0.151824	0.000516	-5.0604	0.0034	47.50	82.00	201.00	220.20
57432.729296	-0.32834	0.00051	7.02916	53.398	-0.02977	0.00037	0.151052	0.000490	-5.0656	0.0033	49.50	84.20	208.20	231.30
57432.779437	-0.32677	0.00047	7.03103	53.391	-0.02838	0.00031	0.151936	0.000392	-5.0597	0.0026	59.10	102.10	245.20	261.70
57432.783210	-0.32809	0.00048	7.02973	53.396	-0.02676	0.00033	0.151982	0.000417	-5.0594	0.0028	56.30	98.00	234.70	248.90
57432.786983	-0.32872	0.00047	7.02991	53.389	-0.02617	0.00031	0.151605	0.000386	-5.0619	0.0026	59.80	103.20	249.00	266.00
57433.734181	-0.32740	0.00056	7.02925	53.409	-0.02536	0.00044	0.150528	0.000621	-5.0692	0.0042	40.90	75.60	174.00	177.20
57433.738012	-0.33028	0.00082	7.03062	53.417	-0.02661	0.00067	0.150001	0.001155	-5.0728	0.0079	26.00	49.60	115.90	118.20
57435.799506	-0.32757	0.00094	7.03145	53.351	-0.02415	0.00087	0.150111	0.001780	-5.0720	0.0122	19.20	36.40	91.50	100.90
57435.803268	-0.32857	0.00091	7.02572	53.272	-0.02674	0.00084	0.150860	0.001655	-5.0669	0.0112	20.20	37.60	94.70	106.30
57435.806984	-0.32593	0.00082	7.01459	52.993	-0.02768	0.00074	0.155488	0.001332	-5.0366	0.0084	23.80	42.20	107.30	125.30
57436.698806	-0.33238	0.00086	7.03107	53.418	-0.02952	0.00078	0.151007	0.001561	-5.0659	0.0106	21.10	42.10	99.00	98.30
57458.621707	-0.32687	0.00047	7.02929	53.379	-0.02683	0.00031	0.149750	0.000402	-5.0745	0.0028	57.30	112.30	234.60	209.20
57458.627043	-0.32658	0.00048	7.02941	53.387	-0.02662	0.00032	0.150180	0.000422	-5.0715	0.0029	55.20	107.40	224.30	201.60
57458.706674	-0.32683	0.00048	7.03055	53.383	-0.02695	0.00032	0.149521	0.000417	-5.0761	0.0029	55.60	107.20	226.40	205.80
57458.712137	-0.32734	0.00048	7.02914	53.388	-0.02686	0.00033	0.150366	0.000443	-5.0703	0.0030	53.10	102.50	219.00	201.50
57460.733448	-0.32588	0.00049	7.02749	53.389	-0.02687	0.00035	0.148131	0.000463	-5.0858	0.0033	50.80	102.20	192.70	165.70
57460.738818	-0.32463	0.00048	7.03083	53.368	-0.02549	0.00033	0.148399	0.000433	-5.0839	0.0031	53.60	107.90	200.60	172.20
57461.731074	-0.32642	0.00049	7.03009	53.389	-0.02673	0.00034	0.149832	0.000442	-5.0739	0.0030	53.20	101.50	212.80	190.70
57461.734998	-0.32709	0.00047	7.02913	53.389	-0.02846	0.00031	0.149426	0.000398	-5.0767	0.0028	58.00	109.30	232.80	211.90
57461.738621	-0.32686	0.00044	7.03077	53.372	-0.02829	0.00027	0.149677	0.000322	-5.0750	0.0022	69.10	130.00	274.20	245.00
57462.767775	-0.32878	0.00049	7.03139	53.379	-0.02752	0.00033	0.149953	0.000441	-5.0731	0.0030	53.30	103.00	216.20	194.00
57462.771548	-0.32809	0.00049	7.03210	53.368	-0.02638	0.00034	0.149646	0.000456	-5.0752	0.0032	51.90	100.80	210.10	187.70
57462.775333	-0.32719	0.00049	7.03171	53.382	-0.02748	0.00034	0.150457	0.000456	-5.0696	0.0031	51.90	101.50	208.00	183.30
57463.544817	-0.32623	0.00044	7.03241	53.371	-0.02756	0.00026	0.151599	0.000320	-5.0619	0.0021	70.40	124.60	290.40	291.80
57463.550326	-0.32569	0.00043	7.03073	53.372	-0.02675	0.00025	0.151539	0.000295	-5.0623	0.0020	75.30	133.70	306.70	304.40
57463.771488	-0.32362	0.00048	7.03117	53.393	-0.02691	0.00032	0.152424	0.000406	-5.0564	0.0027	58.20	97.70	239.50	265.30
57463.777495	-0.32448	0.00050	7.03140	53.389	-0.02536	0.00036	0.151895	0.000476	-5.0599	0.0032	51.20	87.50	214.50	236.60
57495.582973	-0.32869	0.00063	7.02802	53.416	-0.02504	0.00052	0.148468	0.000804	-5.0834	0.0057	33.50	65.30	137.70	123.10
57495.585577	-0.32661	0.00064	7.03031	53.414	-0.02860	0.00053	0.147865	0.000851	-5.0877	0.0060	32.10	63.30	132.60	118.30
57495.588239	-0.32824	0.00061	7.02849	53.412	-0.02691	0.00049	0.147781	0.000758	-5.0883	0.0054	34.90	69.00	139.40	121.40
57495.590786	-0.32693	0.00066	7.02891	53.407	-0.02589	0.00056	0.148792	0.000913	-5.0811	0.0064	30.60	60.20	126.80	114.00
57495.593436	-0.32800	0.00074	7.02707	53.438	-0.02684	0.00064	0.146746	0.001134	-5.0957	0.0082	26.30	51.80	112.40	103.20
57498.591773	-0.32878	0.00069	7.02811	53.432	-0.02642	0.00059	0.148710	0.001001	-5.0817	0.0070	28.90	53.50	127.10	130.40
57498.595488	-0.32890	0.00061	7.02647	53.425	-0.02388	0.00049	0.148363	0.000742	-5.0842	0.0052	35.80	65.20	153.80	156.20
57498.599227	-0.32883	0.00063	7.03135	53.406	-0.02475	0.00052	0.149802	0.000815	-5.0741	0.0056	33.50	61.30	145.20	148.20
57498.683890	-0.32831	0.00056	7.02857	53.406	-0.02618	0.00043	0.149477	0.000628	-5.0764	0.0043	40.70	73.20	173.40	176.70
57498.687640	-0.32805	0.00054	7.02934	53.404	-0.02643	0.00040	0.149859	0.000560	-5.0737	0.0039	44.50	79.00	187.90	192.50
57498.691135	-0.32807	0.00058	7.02877	53.413	-0.02674	0.00045	0.148914	0.000664	-5.0803	0.0046	39.00	69.80	167.00	172.10
57499.573771	-0.32548	0.00058	7.02949	53.382	-0.02562	0.00045	0.147887	0.000668	-5.0875	0.0047	38.60	72.50	160.20	152.40
57499.577336	-0.32516	0.00058	7.02871	53.404	-0.02510	0.00044	0.147469	0.000652	-5.0905	0.0047	39.20	73.40	164.10	157.30
57499.581144	-0.32582	0.00060	7.03109	53.392	-0.02754	0.00048	0.148777	0.000725	-5.0813	0.0051	36.30	68.00	154.00	149.10
57499.734579	-0.32815	0.00049	7.02914	53.378	-0.02456	0.00033	0.148222	0.000446	-5.0852	0.0032	52.50	100.00	216.10	191.30
57499.738329	-0.32745	0.00050	7.03017	53.383	-0.02704	0.00035	0.147668	0.000473	-5.0891	0.0034	50.10	95.20	208.70	187.30
57499.741986	-0.32686	0.00052	7.02944	53.378	-0.02570	0.00037	0.148077	0.000520	-5.0862	0.0037	46.50	88.50	195.40	176.80
57502.485836	-0.32740	0.00061	7.02666	53.405	-0.02428	0.00038	0.147148	0.000547	-5.0928	0.0039	44.60	86.00	186.60	168.60
57502.489598	-0.32712	0.00061	7.02622	53.402	-0.02435	0.00037	0.147442	0.000525	-5.0907	0.0038	46.10	88.00	193.10	176.60
57502.493313	-0.32577	0.00051	7.02919	53.386	-0.02559	0.00036	0.147518	0.000497	-5.0902	0.0036	48.20	91.70	200.70	183.30
57502.553243	-0.32627	0.00064	7.02877	53.404	-0.02735	0.00043	0.148720	0.000635	-5.0817	0.0045	40.10	76.00	168.50	159.70
57502.557016	-0.32715	0.00062	7.03020	53.394	-0.02811	0.00040	0.148860	0.000571	-5.0807	0.0040	43.40	82.50	180.50	168.30
57573.409329	-0.32670	0.00047	7.03210	53.375	-0.02728	0.00031	0.149209	0.000394	-5.0782	0.0027	59.70	103.60	238.70	235.80
57573.413067	-0.32633	0.00046	7.03155	53.379	-0.02659	0.00029	0.148968	0.000361	-5.0799	0.0025	64.00	111.70	251.50	243.00
57573.416852	-0.32681	0.00044	7.03173	53.374	-0.02813	0.00027	0.149516	0.000321	-5.0761	0.0022	70.70	124.70	269.90	248.30
57573.480679	-0.32746	0.00048	7.03355	53.385	-0.02827	0.00033	0.149331	0.000431	-5.0774	0.0030	55.50	97.80	227.30	220.60
57573.484660	-0.32889	0.00046	7.03351	53.380	-0.02760	0.00030	0.148973	0.000383	-5.0799	0.0027	61.00	107.50	245.30	234.60
57573.488225	-0.32786	0.00047	7.03211	53.382	-0.02761	0.00032	0.150316	0.000406	-5.0706	0.0028	58.50	102.10	236.70	231.30
57574.395196	-0.32697	0.00052	7.03223	53.395	-0.02829	0.00039	0.148108	0.000541	-5.0860	0.0038	46.10	85.60	184.00	167.40
57574.398946	-0.32601	0.00050	7.03262	53.374	-0.02687	0.00036	0.147850	0.000486	-5.0878	0.0035	50.10	93.10	197.10	176.30
57574.402742	-0.32731	0.00050	7.03206	53.376	-0.02896	0.00037	0.148407	0.000495	-5.0839	0.0035	49.40	92.10	194.30	173.20
57574.471465	-0.32815	0.00051	7.03274	53.396	-0.02783	0.00038	0.148763	0.000525	-5.0814	0.0037	47.50	84.70	196.90	193.10
57574.475226	-0.32863	0.00049	7.03322	53.386	-0.02764	0.00035	0.149234	0.000474	-5.0781	0.0033	51.50	90.60	212.60	209.90
57574.478930	-0.32630	0.00051	7.03495	53.389	-0.02917	0.00038	0.149880	0.000526	-5.0736	0.0036	47.70	81.60	201.20	213.20
57576.383353	-0.32721	0.00043	7.03436	53.361	-0.02763	0.00025	0.149442	0.000300	-5.0766	0.0021	75.00	130.90	287.50	271.20
57576.387137	-0.32820	0.00045	7.03385	53.367	-0.02801	0.00028	0.149091	0.000336	-5.0791	0.0023	67.90	119.60	262.70	247.00
57576.390991	-0.32732	0.00045	7.03494	53.359	-0.02760	0.00028	0.149513	0.000334	-5.0761	0.0023	68.40	120.70	266.10	251.20
57576.462434	-0.32937	0.00052	7.03206	53.394	-0.02733	0.00039	0.149147	0.000537	-5.0787	0.0037	46.70	82.00	194.90	196.10
57576.466334	-0.32991	0.00054	7.03373	53.388	-0.02637	0.00041	0.149401	0.000578	-5.0769	0.0040	44.20	78.20	185.30	185.70
57576.470165	-0.33032	0.00058	7.03540	53.397	-0.02536	0.00046	0.149872	0.000687	-5.0737	0.0047	38.80	69.40	165.40	166.80
57578.389379	-0.32685	0.00058	7.03282	53.407	-0.02759	0.00046	0.147363	0.000683	-5.0913	0.0049	38.70	71.50	157.50	148.20
57578.393187	-0.32833	0.00056	7.03272	53.396	-0.02877	0.00043	0.148476	0.000627	-5.0834	0.0044	41.40	76.50	166.30	154.90
57578.396763	-0.32789	0.00061	7.03063	53.411	-0.02784	0.00050	0.148890	0.000768	-5.0805	0.0054	35.70	66.20	147.00	139.50
57578.454155	-0.32909	0.00085	7.03400	53.464	-0.02763	0.00078	0.149630	0.001532	-5.0753	0.0106	21.80	41.20	99.00	100.50
57578.458148	-0.33048	0.00096	7.03226	53.460	-0.02642	0.00089	0.145969	0.001886	-5.1014	0.0138	18.70	35.80	87.20	89.40
57578.461909	-0.32823	0.00080	7.03033	53.438	-0.02905	0.00072	0.147768	0.001329	-5.0884	0.0095	24.10	44.60	106.20	108.30
57579.386831	-0.33044	0.00096	7.03661	53.447	-0.02482	0.00090	0.146569	0.001889	-5.0970	0.0137	18.70	35.90	86.70	88.00
57579.390639	-0.32947	0.00090	7.02862	53.465	-0.02807	0.00083	0.149439	0.001666	-5.0766	0.0115	20.60	38.90	93.40	94.40
57579.394354	-0.32997	0.00091	7.03282	53.461	-0.02598	0.00084	0.147216	0.001713	-5.0923	0.0123	20.10	38.30	92.00	92.80
57579.438205	-0.32783	0.00069	7.03030	53.429	-0.02634	0.00060	0.149292	0.001021	-5.0777	0.0071	29.10	53.40	126.20	126.80
57579.442048	-0.32825	0.00058	7.03251	53.404	-0.02913	0.00046	0.149498	0.000674	-5.0762	0.0047	39.30	70.30	164.20	163.80
57579.445867	-0.32738	0.00062	7.03143	53.422	-0.02746	0.00051	0.147302	0.000798	-5.0917	0.0057	34.80	62.30	147.30	148.50
57580.388924	-0.32691	0.00071	7.03284	53.431	-0.02770	0.00063	0.149605	0.001091	-5.0755	0.0075	27.80	51.10	121.30	122.80
57580.392130	-0.32844	0.00076	7.03669	53.420	-0.02719	0.00068	0.146996	0.001216	-5.0939	0.0088	25.70	47.50	112.60	113.80
57580.396157	-0.32756	0.00081	7.03186	53.439	-0.02796	0.00074	0.151616	0.001414	-5.0618	0.0095	23.20	43.10	103.80	106.20
57580.441143	-0.32671	0.00082	7.03214	53.437	-0.02532	0.00074	0.148476	0.001433	-5.0834	0.0101	22.90	42.70	103.70	106.60
57580.444824	-0.32525	0.00104	7.03557	53.463	-0.03031	0.00098	0.146574	0.002195	-5.0970	0.0159	16.90	32.50	80.50	83.10
57580.448874	-0.32835	0.00096	7.02884	53.471	-0.02659	0.00089	0.151468	0.001922	-5.0628	0.0129	18.70	35.60	87.40	90.30
57790.680599	-0.33006	0.00050	7.03132	53.408	-0.02769	0.00035	0.152148	0.000460	-5.0583	0.0031	52.30	94.10	220.60	230.90
57790.684280	-0.32844	0.00050	7.03111	53.410	-0.02703	0.00034	0.152653	0.000445	-5.0549	0.0029	53.70	96.40	226.40	237.00
57790.688088	-0.32869	0.00051	7.03128	53.411	-0.02722	0.00036	0.152647	0.000470	-5.0550	0.0031	51.30	92.70	217.60	227.10
57790.784227	-0.32919	0.00048	7.03084	53.405	-0.02779	0.00032	0.151801	0.000416	-5.0606	0.0028	56.50	103.30	235.60	238.90
57790.788012	-0.32853	0.00049	7.03148	53.407	-0.02805	0.00033	0.151243	0.000424	-5.0643	0.0029	55.60	101.30	233.30	238.50
57790.791728	-0.32849	0.00049	7.03025	53.409	-0.02590	0.00033	0.151473	0.000423	-5.0628	0.0028	55.60	101.70	233.90	238.00
57802.705262	-0.32591	0.00052	7.03261	53.405	-0.02646	0.00036	0.150558	0.000478	-5.0690	0.0033	50.30	94.00	205.90	202.70
57802.709047	-0.32613	0.00051	7.03263	53.403	-0.02826	0.00036	0.151420	0.000469	-5.0631	0.0032	51.20	95.30	209.60	207.00
57802.712728	-0.32588	0.00050	7.03327	53.399	-0.02892	0.00034	0.150702	0.000428	-5.0680	0.0029	55.00	101.80	222.70	219.10
57803.656785	-0.32907	0.00055	7.03234	53.405	-0.02555	0.00041	0.150147	0.000579	-5.0718	0.0040	43.00	84.30	177.70	166.30
57803.660466	-0.32829	0.00054	7.02942	53.409	-0.02954	0.00040	0.148984	0.000548	-5.0798	0.0038	44.80	87.80	183.50	170.10
57804.772481	-0.32859	0.00049	7.03172	53.402	-0.02929	0.00032	0.150686	0.000401	-5.0681	0.0027	57.90	108.00	234.40	227.70
57804.777388	-0.32776	0.00046	7.03324	53.392	-0.02973	0.00028	0.150886	0.000346	-5.0667	0.0023	65.50	122.30	260.20	247.00
57806.713730	-0.32729	0.00053	7.03403	53.401	-0.02682	0.00039	0.150821	0.000521	-5.0672	0.0035	47.00	88.80	193.90	188.30
57806.717469	-0.32711	0.00052	7.03267	53.404	-0.02776	0.00037	0.151000	0.000492	-5.0660	0.0033	49.20	92.50	200.60	194.00
57806.721045	-0.32683	0.00050	7.03288	53.401	-0.02964	0.00034	0.150449	0.000440	-5.0697	0.0030	53.60	100.50	215.20	206.30
57808.710893	-0.32685	0.00050	7.03464	53.390	-0.02911	0.00034	0.151415	0.000433	-5.0632	0.0029	54.70	98.70	223.50	229.40
57808.769865	-0.32868	0.00117	7.03195	53.454	-0.02533	0.00111	0.152414	0.002673	-5.0565	0.0177	14.30	29.90	73.50	78.30
57809.643221	-0.32749	0.00053	7.03296	53.408	-0.02932	0.00039	0.152283	0.000520	-5.0574	0.0034	47.50	84.30	200.40	217.00
57809.744058	-0.32950	0.00061	7.03192	53.414	-0.02779	0.00049	0.151166	0.000738	-5.0648	0.0050	36.20	68.70	155.40	157.90
57810.656638	-0.32838	0.00057	7.03230	53.412	-0.02721	0.00044	0.152155	0.000644	-5.0582	0.0043	40.30	74.20	175.90	189.60
57810.752418	-0.32824	0.00061	7.03393	53.409	-0.02939	0.00049	0.152528	0.000742	-5.0557	0.0049	36.10	68.80	155.20	156.40
57814.647545	-0.32667	0.00058	7.03110	53.409	-0.02489	0.00045	0.151553	0.000650	-5.0622	0.0044	39.80	75.10	169.40	170.40
57814.779030	-0.32452	0.00054	7.03340	53.405	-0.02772	0.00040	0.151796	0.000557	-5.0606	0.0037	45.00	81.90	192.30	200.30
57816.569691	-0.32974	0.00065	7.03472	53.421	-0.02728	0.00053	0.152632	0.000846	-5.0551	0.0056	32.90	61.80	145.00	152.40
57816.712948	-0.32926	0.00061	7.03460	53.401	-0.02786	0.00049	0.152116	0.000734	-5.0585	0.0049	36.50	68.70	156.40	160.60
57817.679113	-0.32789	0.00047	7.03342	53.372	-0.02709	0.00028	0.151589	0.000360	-5.0620	0.0024	63.70	118.20	265.00	268.70
57825.602883	-0.32935	0.00064	7.03534	53.397	-0.02590	0.00052	0.152994	0.000831	-5.0527	0.0055	33.50	62.20	148.50	159.90
57825.608323	-0.32817	0.00068	7.03399	53.406	-0.02628	0.00057	0.153620	0.000939	-5.0486	0.0061	30.60	57.50	136.90	147.00
57832.574678	-0.32427	0.00056	7.03524	53.397	-0.02935	0.00042	0.150529	0.000616	-5.0692	0.0042	41.80	78.60	180.50	185.10
57832.694969	-0.32279	0.00059	7.02970	53.418	-0.02503	0.00046	0.152860	0.000705	-5.0536	0.0046	38.00	69.60	165.30	180.00
57833.528455	-0.32572	0.00045	7.03302	53.370	-0.02728	0.00025	0.151586	0.000315	-5.0620	0.0021	71.50	133.80	300.10	294.70
57833.715391	-0.32429	0.00044	7.03426	53.365	-0.02828	0.00023	0.152476	0.000272	-5.0561	0.0018	81.90	146.30	329.80	337.10
57834.551457	-0.32651	0.00045	7.03313	53.374	-0.02820	0.00027	0.151657	0.000340	-5.0615	0.0023	67.40	123.30	284.60	294.50
57834.715880	-0.32509	0.00046	7.03314	53.377	-0.02774	0.00028	0.152175	0.000339	-5.0581	0.0022	67.90	121.80	275.60	279.60
57835.622641	-0.32463	0.00045	7.03333	53.369	-0.02797	0.00024	0.151048	0.000289	-5.0656	0.0020	76.90	144.60	299.40	281.60
57835.734737	-0.32639	0.00045	7.03390	53.357	-0.02885	0.00024	0.150825	0.000290	-5.0671	0.0020	77.00	142.50	308.50	299.30
57853.517321	-0.32776	0.00047	7.03321	53.369	-0.02809	0.00028	0.152266	0.000360	-5.0575	0.0024	64.90	118.60	265.10	263.70
57853.642946	-0.32761	0.00056	7.03334	53.394	-0.02797	0.00041	0.150745	0.000589	-5.0677	0.0040	43.90	81.20	183.70	186.00
57855.524219	-0.32806	0.00058	7.03169	53.403	-0.02634	0.00044	0.149018	0.000649	-5.0796	0.0045	39.40	73.60	170.00	173.00
57855.728731	-0.32507	0.00044	7.03291	53.370	-0.02669	0.00023	0.148777	0.000277	-5.0813	0.0019	78.20	140.10	319.40	316.90
57856.497243	-0.32746	0.00045	7.03279	53.366	-0.02655	0.00024	0.148787	0.000288	-5.0812	0.0020	75.40	140.40	304.50	287.20
57856.696848	-0.32506	0.00045	7.03204	53.371	-0.02726	0.00024	0.148399	0.000287	-5.0839	0.0020	75.70	138.20	296.80	274.20
57856.702404	-0.32542	0.00046	7.03143	53.373	-0.02687	0.00024	0.148985	0.000282	-5.0798	0.0020	77.00	139.40	303.90	284.90
57857.502142	-0.32841	0.00051	7.03138	53.398	-0.02617	0.00034	0.149934	0.000427	-5.0732	0.0029	54.90	95.30	222.50	231.70
57857.705404	-0.32671	0.00047	7.03303	53.382	-0.02769	0.00028	0.150817	0.000332	-5.0672	0.0023	67.90	112.90	275.30	299.20
57857.710913	-0.32654	0.00047	7.03295	53.383	-0.02766	0.00028	0.150589	0.000337	-5.0687	0.0023	67.10	110.50	271.80	298.90
57858.465466	-0.32906	0.00064	7.03371	53.419	-0.02649	0.00052	0.150687	0.000775	-5.0681	0.0053	34.90	60.80	148.60	160.50
57858.659550	-0.32629	0.00056	7.03280	53.405	-0.02559	0.00041	0.149430	0.000552	-5.0767	0.0038	44.90	77.80	184.70	195.20
57861.579526	-0.32740	0.00052	7.03216	53.393	-0.02746	0.00036	0.149419	0.000483	-5.0768	0.0033	49.60	89.10	205.90	210.80
57861.585117	-0.32850	0.00054	7.03204	53.413	-0.02700	0.00038	0.149691	0.000519	-5.0749	0.0036	47.00	84.40	196.20	202.00
57861.671342	-0.32774	0.00050	7.03132	53.392	-0.02609	0.00032	0.149674	0.000413	-5.0750	0.0028	56.50	98.60	231.40	241.70
57861.676771	-0.32664	0.00049	7.03130	53.394	-0.02664	0.00031	0.149543	0.000394	-5.0759	0.0027	58.60	101.60	239.70	251.40
57863.506709	-0.32652	0.00059	7.03178	53.415	-0.02726	0.00044	0.150584	0.000601	-5.0688	0.0041	42.30	72.50	172.90	189.80
57864.461602	-0.32639	0.00050	7.03061	53.388	-0.02787	0.00032	0.150559	0.000396	-5.0689	0.0027	58.50	100.40	234.10	246.00
57864.607884	-0.32555	0.00048	7.03221	53.384	-0.02579	0.00029	0.151150	0.000350	-5.0649	0.0024	65.10	110.10	254.80	269.20
57865.591282	-0.32324	0.00049	7.03093	53.391	-0.02673	0.00031	0.150224	0.000376	-5.0712	0.0026	61.30	102.90	242.70	258.80
57865.660887	-0.32422	0.00056	7.03118	53.401	-0.02600	0.00041	0.150521	0.000559	-5.0692	0.0038	44.70	76.90	183.50	196.60
57878.506649	-0.32630	0.00074	7.03075	53.436	-0.02900	0.00063	0.149262	0.001053	-5.0779	0.0073	27.90	50.20	120.80	130.50
57878.510341	-0.32547	0.00070	7.02851	53.434	-0.02382	0.00059	0.152153	0.000943	-5.0582	0.0063	30.50	53.80	129.90	141.80
57878.514079	-0.32673	0.00071	7.02951	53.415	-0.02635	0.00060	0.148215	0.000968	-5.0852	0.0068	29.60	52.70	127.20	138.10
57878.587885	-0.32345	0.00059	7.02644	53.421	-0.02594	0.00045	0.150560	0.000618	-5.0689	0.0042	41.60	68.30	170.20	196.30
57878.591739	-0.32373	0.00064	7.03183	53.421	-0.02641	0.00050	0.151341	0.000736	-5.0637	0.0049	36.50	61.10	151.80	174.30
57878.595512	-0.32344	0.00060	7.03272	53.404	-0.02637	0.00045	0.152268	0.000624	-5.0575	0.0041	41.50	67.20	168.50	197.10
57879.411274	-0.32518	0.00052	7.03238	53.386	-0.02452	0.00036	0.149939	0.000482	-5.0732	0.0033	49.70	90.40	207.60	203.70
57879.414885	-0.32428	0.00053	7.03038	53.383	-0.02630	0.00038	0.149811	0.000514	-5.0741	0.0035	47.20	87.40	195.50	187.50
57879.418786	-0.32426	0.00053	7.03207	53.385	-0.02543	0.00037	0.148902	0.000506	-5.0804	0.0035	47.60	88.70	196.40	186.90
57879.568017	-0.32706	0.00063	7.03409	53.401	-0.02560	0.00050	0.149091	0.000764	-5.0791	0.0053	35.30	61.90	151.80	165.20
57879.571779	-0.32815	0.00057	7.02994	53.408	-0.02633	0.00043	0.149813	0.000603	-5.0741	0.0042	41.90	74.30	177.40	185.70
57879.575552	-0.32740	0.00053	7.03209	53.399	-0.02636	0.00036	0.149570	0.000478	-5.0757	0.0033	50.20	88.30	205.50	209.50
57880.441497	-0.32690	0.00048	7.03427	53.367	-0.02573	0.00028	0.149254	0.000335	-5.0779	0.0023	66.90	119.50	261.80	250.20
57880.445305	-0.32642	0.00048	7.03172	53.375	-0.02487	0.00029	0.149649	0.000351	-5.0752	0.0024	64.30	115.40	252.00	240.50
57880.449008	-0.32738	0.00049	7.03261	53.373	-0.02457	0.00030	0.148901	0.000371	-5.0804	0.0026	61.30	110.70	241.60	230.50
57880.579421	-0.32718	0.00049	7.03276	53.373	-0.02537	0.00031	0.149464	0.000385	-5.0765	0.0027	59.50	107.30	234.20	223.50
57880.583183	-0.32758	0.00050	7.03067	53.381	-0.02512	0.00032	0.149734	0.000395	-5.0746	0.0027	58.30	105.20	230.70	221.50
57880.587025	-0.32784	0.00049	7.03086	53.382	-0.02539	0.00031	0.149421	0.000382	-5.0768	0.0026	59.90	108.20	235.50	224.20
57881.415297	-0.32755	0.00047	7.03234	53.377	-0.02566	0.00027	0.148675	0.000323	-5.0820	0.0023	68.60	125.40	267.10	243.40
57881.419036	-0.32700	0.00047	7.03225	53.372	-0.02655	0.00028	0.148712	0.000335	-5.0817	0.0023	66.60	121.70	258.80	236.20
57881.422797	-0.32615	0.00048	7.03305	53.363	-0.02584	0.00030	0.147876	0.000365	-5.0876	0.0026	61.80	113.50	242.50	224.00
57881.564124	-0.32636	0.00053	7.03070	53.388	-0.02586	0.00037	0.149343	0.000487	-5.0773	0.0034	49.30	90.10	198.00	190.70
57881.567954	-0.32587	0.00054	7.02969	53.403	-0.02548	0.00039	0.148421	0.000522	-5.0838	0.0037	46.60	85.00	189.30	184.80
57881.571704	-0.32563	0.00053	7.03094	53.391	-0.02471	0.00037	0.149278	0.000487	-5.0778	0.0034	49.20	89.70	198.70	192.90
57888.477330	-0.32583	0.00063	7.03270	53.416	-0.02740	0.00050	0.150243	0.000754	-5.0711	0.0052	35.60	63.50	151.60	158.10
57888.482886	-0.32744	0.00080	7.03032	53.428	-0.02659	0.00069	0.148931	0.001234	-5.0802	0.0086	24.90	45.90	110.70	115.30
57890.480980	-0.32472	0.00063	7.03318	53.408	-0.02716	0.00050	0.148212	0.000750	-5.0852	0.0053	35.60	63.80	149.10	151.90
57890.486489	-0.32356	0.00060	7.03146	53.403	-0.02753	0.00047	0.149436	0.000691	-5.0767	0.0048	37.90	67.80	159.60	163.60
57890.610014	-0.32558	0.00059	7.03371	53.406	-0.02713	0.00045	0.150788	0.000649	-5.0674	0.0044	39.70	72.40	165.20	161.60
57890.614944	-0.32525	0.00053	7.03469	53.398	-0.02647	0.00037	0.148889	0.000501	-5.0805	0.0035	48.30	87.30	196.80	190.90
57905.481363	-0.32678	0.00048	7.03371	53.374	-0.02724	0.00030	0.149197	0.000369	-5.0783	0.0026	62.30	107.20	248.30	253.90
57905.486628	-0.32618	0.00048	7.03421	53.370	-0.02671	0.00030	0.149882	0.000363	-5.0736	0.0025	63.30	108.80	250.80	255.90
57905.599366	-0.32661	0.00049	7.03157	53.382	-0.02643	0.00032	0.149515	0.000403	-5.0761	0.0028	58.20	101.20	236.00	239.20
57905.604887	-0.32628	0.00049	7.03426	53.374	-0.02701	0.00031	0.150484	0.000394	-5.0695	0.0027	59.30	103.50	241.30	243.50
57913.434865	-0.32489	0.00053	7.03551	53.378	-0.02673	0.00037	0.148338	0.000492	-5.0843	0.0035	49.50	87.50	199.50	199.90
57913.438476	-0.32519	0.00052	7.03245	53.394	-0.02757	0.00037	0.148194	0.000481	-5.0854	0.0034	50.40	89.00	201.70	200.50
57913.442249	-0.32545	0.00049	7.03245	53.366	-0.02756	0.00031	0.148471	0.000384	-5.0834	0.0027	60.10	110.50	226.50	202.20
57913.485151	-0.32599	0.00049	7.03280	53.374	-0.02887	0.00032	0.149068	0.000414	-5.0792	0.0029	56.70	102.40	224.60	212.10
57913.488878	-0.32571	0.00049	7.03435	53.369	-0.02742	0.00032	0.148735	0.000400	-5.0815	0.0028	58.30	105.40	229.60	214.50
57913.492663	-0.32547	0.00049	7.03383	53.376	-0.02736	0.00032	0.148857	0.000406	-5.0807	0.0028	57.50	104.10	226.30	212.30
57928.425700	-0.32059	0.00073	7.03017	53.416	-0.02687	0.00063	0.151605	0.001004	-5.0619	0.0067	29.90	46.50	122.80	153.00
57928.429577	-0.31963	0.00072	7.03361	53.414	-0.02754	0.00062	0.152458	0.000972	-5.0562	0.0064	30.60	47.10	125.70	158.10
57928.433223	-0.31992	0.00071	7.03419	53.426	-0.02812	0.00061	0.153132	0.000962	-5.0518	0.0063	30.90	47.30	127.30	160.40
57928.537441	-0.31931	0.00190	7.04156	53.287	-0.02701	0.00186	0.149473	0.005202	-5.0764	0.0360	9.10	16.00	47.00	59.00
57928.542429	-0.32749	0.00291	7.02999	53.286	-0.03125	0.00288	0.166113	0.009705	-4.9742	0.0531	5.50	10.60	33.40	41.30
57928.545369	-0.32089	0.00145	7.03002	53.420	-0.02559	0.00140	0.152127	0.003457	-5.0584	0.0230	12.30	21.40	59.10	73.10
